  1.562500000000000E-005  4.614093959731539E-006  4.614093959731531E-006
  4.614093959731548E-006  4.614093959731530E-006  4.614093959731566E-006
  4.614093959731530E-006  4.614093959731478E-006  4.614093959731478E-006
  4.614093959731583E-006  4.614093959731583E-006  4.614093959731619E-006
  4.614093959731512E-006  4.614093959731512E-006  4.614093959731512E-006
  4.614093959731538E-006  1.362551236430782E-006  1.362551236430774E-006
  1.362551236430774E-006  1.362551236430764E-006  1.362551236430766E-006
  1.362551236430754E-006  1.362551236430723E-006  1.362551236430721E-006
  1.362551236430761E-006  1.362551236430749E-006  1.362551236430746E-006
  1.362551236430720E-006  1.362551236430717E-006  1.362551236430705E-006
  4.614093959731533E-006  1.362551236430775E-006  1.362551236430764E-006
  1.362551236430757E-006  1.362551236430745E-006  1.362551236430746E-006
  1.362551236430723E-006  1.362551236430694E-006  1.362551236430685E-006
  1.362551236430719E-006  1.362551236430710E-006  1.362551236430701E-006
  1.362551236430668E-006  1.362551236430663E-006  1.362551236430649E-006
  4.614093959731555E-006  1.362551236430800E-006  1.362551236430803E-006
  1.362551236430812E-006  1.362551236430812E-006  1.362551236430829E-006
  1.362551236430822E-006  1.362551236430805E-006  1.362551236430816E-006
  1.362551236430862E-006  1.362551236430874E-006  1.362551236430877E-006
  1.362551236430860E-006  1.362551236430863E-006  1.362551236430874E-006
  4.614093959731530E-006  1.362551236430756E-006  1.362551236430730E-006
  1.362551236430711E-006  1.362551236430680E-006  1.362551236430667E-006
  1.362551236430636E-006  1.362551236430591E-006  1.362551236430570E-006
  1.362551236430583E-006  1.362551236430562E-006  1.362551236430532E-006
  1.362551236430487E-006  1.362551236430466E-006  1.362551236430436E-006
  4.614093959731570E-006  1.362551236430769E-006  1.362551236430744E-006
  1.362551236430727E-006  1.362551236430698E-006  1.362551236430687E-006
  1.362551236430655E-006  1.362551236430611E-006  1.362551236430586E-006
  1.362551236430604E-006  1.362551236430583E-006  1.362551236430559E-006
  1.362551236430519E-006  1.362551236430490E-006  1.362551236430478E-006
  4.614093959731533E-006  1.362551236430781E-006  1.362551236430772E-006
  1.362551236430768E-006  1.362551236430761E-006  1.362551236430766E-006
  1.362551236430749E-006  1.362551236430727E-006  1.362551236430720E-006
  1.362551236430756E-006  1.362551236430753E-006  1.362551236430745E-006
  1.362551236430719E-006  1.362551236430717E-006  1.362551236430714E-006
  4.614093959731457E-006  1.362551236430772E-006  1.362551236430774E-006
  1.362551236430786E-006  1.362551236430784E-006  1.362551236430800E-006
  1.362551236430798E-006  1.362551236430781E-006  1.362551236430788E-006
  1.362551236430830E-006  1.362551236430842E-006  1.362551236430844E-006
  1.362551236430827E-006  1.362551236430830E-006  1.362551236430833E-006
  4.614093959731459E-006  1.362551236430781E-006  1.362551236430792E-006
  1.362551236430812E-006  1.362551236430819E-006  1.362551236430844E-006
  1.362551236430846E-006  1.362551236430833E-006  1.362551236430853E-006
  1.362551236430912E-006  1.362551236430919E-006  1.362551236430935E-006
  1.362551236430931E-006  1.362551236430938E-006  1.362551236430962E-006
  4.614093959731587E-006  1.362551236430778E-006  1.362551236430754E-006
  1.362551236430741E-006  1.362551236430717E-006  1.362551236430706E-006
  1.362551236430675E-006  1.362551236430637E-006  1.362551236430617E-006
  1.362551236430637E-006  1.362551236430613E-006  1.362551236430594E-006
  1.362551236430556E-006  1.362551236430528E-006  1.362551236430518E-006
  4.614093959731632E-006  1.362551236430802E-006  1.362551236430790E-006
  1.362551236430783E-006  1.362551236430769E-006  1.362551236430766E-006
  1.362551236430747E-006  1.362551236430713E-006  1.362551236430703E-006
  1.362551236430737E-006  1.362551236430727E-006  1.362551236430712E-006
  1.362551236430683E-006  1.362551236430660E-006  1.362551236430663E-006
  4.614093959731591E-006  1.362551236430804E-006  1.362551236430801E-006
  1.362551236430808E-006  1.362551236430801E-006  1.362551236430811E-006
  1.362551236430806E-006  1.362551236430777E-006  1.362551236430777E-006
  1.362551236430825E-006  1.362551236430825E-006  1.362551236430825E-006
  1.362551236430797E-006  1.362551236430796E-006  1.362551236430815E-006
  4.614093959731561E-006  1.362551236430827E-006  1.362551236430851E-006
  1.362551236430885E-006  1.362551236430907E-006  1.362551236430944E-006
  1.362551236430961E-006  1.362551236430964E-006  1.362551236430991E-006
  1.362551236431057E-006  1.362551236431083E-006  1.362551236431110E-006
  1.362551236431118E-006  1.362551236431140E-006  1.362551236431163E-006
  4.614093959731519E-006  1.362551236430826E-006  1.362551236430861E-006
  1.362551236430901E-006  1.362551236430932E-006  1.362551236430980E-006
  1.362551236431002E-006  1.362551236431019E-006  1.362551236431055E-006
  1.362551236431134E-006  1.362551236431166E-006  1.362551236431206E-006
  1.362551236431223E-006  1.362551236431250E-006  1.362551236431295E-006
  4.614093959731505E-006  1.362551236430729E-006  1.362551236430686E-006
  1.362551236430652E-006  1.362551236430604E-006  1.362551236430576E-006
  1.362551236430524E-006  1.362551236430466E-006  1.362551236430424E-006
  1.362551236430429E-006  1.362551236430381E-006  1.362551236430348E-006
  1.362551236430286E-006  1.362551236430248E-006  1.362551236430201E-006
  4.614093959731539E-006  1.362551236430788E-006  1.362551236430787E-006
  1.362551236430791E-006  1.362551236430787E-006  1.362551236430799E-006
  1.362551236430789E-006  1.362551236430761E-006  1.362551236430765E-006
  1.362551236430808E-006  1.362551236430808E-006  1.362551236430808E-006
  1.362551236430780E-006  1.362551236430789E-006  1.362551236430771E-006
  1.362551236430789E-006  4.023641235097801E-007  4.023641235097932E-007
  4.023641235098080E-007  4.023641235098211E-007  4.023641235098386E-007
  4.023641235098486E-007  4.023641235098571E-007  4.023641235098709E-007
  4.023641235098975E-007  4.023641235099124E-007  4.023641235099262E-007
  4.023641235099325E-007  4.023641235099462E-007  4.023641235099623E-007
  1.362551236430748E-006  4.023641235096401E-007  4.023641235095504E-007
  4.023641235094629E-007  4.023641235093725E-007  4.023641235092860E-007
  4.023641235091947E-007  4.023641235090986E-007  4.023641235090101E-007
  4.023641235089344E-007  4.023641235088435E-007  4.023641235087539E-007
  4.023641235086589E-007  4.023641235085737E-007  4.023641235084840E-007
  1.362551236430796E-006  4.023641235098291E-007  4.023641235098800E-007
  4.023641235099329E-007  4.023641235099834E-007  4.023641235100378E-007
  4.023641235100858E-007  4.023641235101313E-007  4.023641235101842E-007
  4.023641235102478E-007  4.023641235102984E-007  4.023641235103536E-007
  4.023641235103968E-007  4.023641235104498E-007  4.023641235105004E-007
  1.362551236430753E-006  4.023641235096203E-007  4.023641235095133E-007
  4.023641235094084E-007  4.023641235093002E-007  4.023641235091972E-007
  4.023641235090882E-007  4.023641235089745E-007  4.023641235088682E-007
  4.023641235087747E-007  4.023641235086674E-007  4.023641235085599E-007
  4.023641235084495E-007  4.023641235083420E-007  4.023641235082370E-007
  1.362551236430835E-006  4.023641235099953E-007  4.023641235101711E-007
  4.023641235103488E-007  4.023641235105245E-007  4.023641235107043E-007
  4.023641235108780E-007  4.023641235110493E-007  4.023641235112257E-007
  4.023641235114139E-007  4.023641235115904E-007  4.023641235117669E-007
  4.023641235119380E-007  4.023641235121146E-007  4.023641235122932E-007
  1.362551236430730E-006  4.023641235094452E-007  4.023641235092027E-007
  4.023641235089622E-007  4.023641235087189E-007  4.023641235084791E-007
  4.023641235082346E-007  4.023641235079862E-007  4.023641235077443E-007
  4.023641235075141E-007  4.023641235072734E-007  4.023641235070280E-007
  4.023641235067797E-007  4.023641235065390E-007  4.023641235062959E-007
  1.362551236430740E-006  4.023641235096022E-007  4.023641235094832E-007
  4.023641235093662E-007  4.023641235092477E-007  4.023641235091320E-007
  4.023641235090105E-007  4.023641235088874E-007  4.023641235087685E-007
  4.023641235086636E-007  4.023641235085447E-007  4.023641235084247E-007
  4.023641235083017E-007  4.023641235081839E-007  4.023641235080639E-007
  1.362551236430812E-006  4.023641235097240E-007  4.023641235096868E-007
  4.023641235096514E-007  4.023641235096131E-007  4.023641235095805E-007
  4.023641235095392E-007  4.023641235094975E-007  4.023641235094610E-007
  4.023641235094364E-007  4.023641235093988E-007  4.023641235093646E-007
  4.023641235093184E-007  4.023641235092821E-007  4.023641235092457E-007
  1.362551236430912E-006  4.023641235099076E-007  4.023641235099947E-007
  4.023641235100833E-007  4.023641235101699E-007  4.023641235102609E-007
  4.023641235103451E-007  4.023641235104266E-007  4.023641235105145E-007
  4.023641235106152E-007  4.023641235107031E-007  4.023641235107922E-007
  4.023641235108714E-007  4.023641235109605E-007  4.023641235110495E-007
  1.362551236430752E-006  4.023641235097497E-007  4.023641235097470E-007
  4.023641235097472E-007  4.023641235097440E-007  4.023641235097458E-007
  4.023641235097400E-007  4.023641235097328E-007  4.023641235097309E-007
  4.023641235097417E-007  4.023641235097386E-007  4.023641235097378E-007
  4.023641235097317E-007  4.023641235097309E-007  4.023641235097255E-007
  1.362551236430599E-006  4.023641235090128E-007  4.023641235084516E-007
  4.023641235078930E-007  4.023641235073308E-007  4.023641235067738E-007
  4.023641235062110E-007  4.023641235056443E-007  4.023641235050840E-007
  4.023641235045356E-007  4.023641235039764E-007  4.023641235034162E-007
  4.023641235028485E-007  4.023641235022882E-007  4.023641235017279E-007
  1.362551236430773E-006  4.023641235099874E-007  4.023641235101716E-007
  4.023641235103577E-007  4.023641235105422E-007  4.023641235107305E-007
  4.023641235109108E-007  4.023641235110906E-007  4.023641235112769E-007
  4.023641235114738E-007  4.023641235116578E-007  4.023641235118452E-007
  4.023641235120229E-007  4.023641235122080E-007  4.023641235123954E-007
  1.362551236430736E-006  4.023641235097069E-007  4.023641235096740E-007
  4.023641235096428E-007  4.023641235096095E-007  4.023641235095807E-007
  4.023641235095438E-007  4.023641235095066E-007  4.023641235094734E-007
  4.023641235094543E-007  4.023641235094211E-007  4.023641235093914E-007
  4.023641235093496E-007  4.023641235093177E-007  4.023641235092879E-007
  1.362551236430924E-006  4.023641235098637E-007  4.023641235099123E-007
  4.023641235099625E-007  4.023641235100108E-007  4.023641235100629E-007
  4.023641235101086E-007  4.023641235101529E-007  4.023641235102013E-007
  4.023641235102648E-007  4.023641235103143E-007  4.023641235103616E-007
  4.023641235104058E-007  4.023641235104553E-007  4.023641235105049E-007
  4.614093959731526E-006  1.362551236430766E-006  1.362551236430749E-006
  1.362551236430741E-006  1.362551236430720E-006  1.362551236430718E-006
  1.362551236430687E-006  1.362551236430656E-006  1.362551236430635E-006
  1.362551236430671E-006  1.362551236430650E-006  1.362551236430643E-006
  1.362551236430607E-006  1.362551236430590E-006  1.362551236430574E-006
  1.362551236430748E-006  4.023641235096333E-007  4.023641235095382E-007
  4.023641235094446E-007  4.023641235093486E-007  4.023641235092564E-007
  4.023641235091601E-007  4.023641235090577E-007  4.023641235089630E-007
  4.023641235088810E-007  4.023641235087851E-007  4.023641235086926E-007
  4.023641235085902E-007  4.023641235084931E-007  4.023641235084006E-007
  1.362551236430784E-006  4.023641235097683E-007  4.023641235097734E-007
  4.023641235097803E-007  4.023641235097846E-007  4.023641235097924E-007
  4.023641235097959E-007  4.023641235097958E-007  4.023641235098009E-007
  4.023641235098188E-007  4.023641235098262E-007  4.023641235098312E-007
  4.023641235098287E-007  4.023641235098362E-007  4.023641235098435E-007
  1.362551236430766E-006  4.023641235095091E-007  4.023641235093090E-007
  4.023641235091107E-007  4.023641235089103E-007  4.023641235087150E-007
  4.023641235085109E-007  4.023641235083055E-007  4.023641235081052E-007
  4.023641235079189E-007  4.023641235077187E-007  4.023641235075195E-007
  4.023641235073152E-007  4.023641235071161E-007  4.023641235069170E-007
  1.362551236430830E-006  4.023641235097948E-007  4.023641235098098E-007
  4.023641235098281E-007  4.023641235098416E-007  4.023641235098613E-007
  4.023641235098745E-007  4.023641235098840E-007  4.023641235099011E-007
  4.023641235099286E-007  4.023641235099424E-007  4.023641235099616E-007
  4.023641235099689E-007  4.023641235099882E-007  4.023641235100007E-007
  1.362551236430906E-006  4.023641235096994E-007  4.023641235096197E-007
  4.023641235095426E-007  4.023641235094617E-007  4.023641235093863E-007
  4.023641235093046E-007  4.023641235092193E-007  4.023641235091390E-007
  4.023641235090728E-007  4.023641235089926E-007  4.023641235089124E-007
  4.023641235088315E-007  4.023641235087513E-007  4.023641235086711E-007
  1.362551236430733E-006  4.023641235096916E-007  4.023641235096470E-007
  4.023641235096048E-007  4.023641235095589E-007  4.023641235095193E-007
  4.023641235094719E-007  4.023641235094210E-007  4.023641235093764E-007
  4.023641235093446E-007  4.023641235093000E-007  4.023641235092576E-007
  4.023641235092099E-007  4.023641235091631E-007  4.023641235091208E-007
  1.362551236430904E-006  4.023641235097976E-007  4.023641235097976E-007
  4.023641235098001E-007  4.023641235097985E-007  4.023641235098026E-007
  4.023641235098003E-007  4.023641235097942E-007  4.023641235097945E-007
  4.023641235098088E-007  4.023641235098092E-007  4.023641235098073E-007
  4.023641235098023E-007  4.023641235098071E-007  4.023641235098052E-007
  1.362551236430742E-006  4.023641235098314E-007  4.023641235098971E-007
  4.023641235099655E-007  4.023641235100309E-007  4.023641235100996E-007
  4.023641235101642E-007  4.023641235102238E-007  4.023641235102911E-007
  4.023641235103688E-007  4.023641235104372E-007  4.023641235105045E-007
  4.023641235105641E-007  4.023641235106314E-007  4.023641235106986E-007
  1.362551236430716E-006  4.023641235090592E-007  4.023641235085075E-007
  4.023641235079586E-007  4.023641235074063E-007  4.023641235068593E-007
  4.023641235063057E-007  4.023641235057484E-007  4.023641235051987E-007
  4.023641235046595E-007  4.023641235041086E-007  4.023641235035600E-007
  4.023641235030016E-007  4.023641235024530E-007  4.023641235018998E-007
  1.362551236430662E-006  4.023641235094956E-007  4.023641235093096E-007
  4.023641235091253E-007  4.023641235089393E-007  4.023641235087553E-007
  4.023641235085686E-007  4.023641235083758E-007  4.023641235081904E-007
  4.023641235080167E-007  4.023641235078337E-007  4.023641235076484E-007
  4.023641235074555E-007  4.023641235072702E-007  4.023641235070849E-007
  1.362551236430731E-006  4.023641235095974E-007  4.023641235094772E-007
  4.023641235093582E-007  4.023641235092372E-007  4.023641235091206E-007
  4.023641235089983E-007  4.023641235088721E-007  4.023641235087524E-007
  4.023641235086443E-007  4.023641235085258E-007  4.023641235084050E-007
  4.023641235082788E-007  4.023641235081579E-007  4.023641235080393E-007
  1.362551236430786E-006  4.023641235100948E-007  4.023641235103630E-007
  4.023641235106336E-007  4.023641235109006E-007  4.023641235111719E-007
  4.023641235114393E-007  4.023641235117005E-007  4.023641235119694E-007
  4.023641235122509E-007  4.023641235125174E-007  4.023641235127897E-007
  4.023641235130521E-007  4.023641235133175E-007  4.023641235135897E-007
  1.362551236430855E-006  4.023641235089281E-007  4.023641235082378E-007
  4.023641235075501E-007  4.023641235068584E-007  4.023641235061710E-007
  4.023641235054792E-007  4.023641235047834E-007  4.023641235040941E-007
  4.023641235034165E-007  4.023641235027238E-007  4.023641235020379E-007
  4.023641235013422E-007  4.023641235006517E-007  4.023641234999613E-007
  1.362551236430686E-006  4.023641235093563E-007  4.023641235090524E-007
  4.023641235087496E-007  4.023641235084452E-007  4.023641235081437E-007
  4.023641235078390E-007  4.023641235075284E-007  4.023641235072253E-007
  4.023641235069328E-007  4.023641235066319E-007  4.023641235063244E-007
  4.023641235060160E-007  4.023641235057129E-007  4.023641235054099E-007
  4.614093959731544E-006  1.362551236430779E-006  1.362551236430768E-006
  1.362551236430761E-006  1.362551236430747E-006  1.362551236430748E-006
  1.362551236430729E-006  1.362551236430705E-006  1.362551236430687E-006
  1.362551236430721E-006  1.362551236430716E-006  1.362551236430702E-006
  1.362551236430669E-006  1.362551236430665E-006  1.362551236430660E-006
  1.362551236430830E-006  4.023641235100822E-007  4.023641235103293E-007
  4.023641235105789E-007  4.023641235108258E-007  4.023641235110768E-007
  4.023641235113213E-007  4.023641235115643E-007  4.023641235118126E-007
  4.023641235120726E-007  4.023641235123232E-007  4.023641235125669E-007
  4.023641235128100E-007  4.023641235130583E-007  4.023641235133066E-007
  1.362551236430740E-006  4.023641235095139E-007  4.023641235093240E-007
  4.023641235091364E-007  4.023641235089457E-007  4.023641235087606E-007
  4.023641235085674E-007  4.023641235083727E-007  4.023641235081844E-007
  4.023641235080067E-007  4.023641235078195E-007  4.023641235076279E-007
  4.023641235074354E-007  4.023641235072438E-007  4.023641235070543E-007
  1.362551236430826E-006  4.023641235097263E-007  4.023641235096874E-007
  4.023641235096502E-007  4.023641235096100E-007  4.023641235095737E-007
  4.023641235095327E-007  4.023641235094890E-007  4.023641235094518E-007
  4.023641235094240E-007  4.023641235093856E-007  4.023641235093484E-007
  4.023641235093059E-007  4.023641235092663E-007  4.023641235092269E-007
  1.362551236430791E-006  4.023641235092690E-007  4.023641235088687E-007
  4.023641235084717E-007  4.023641235080709E-007  4.023641235076734E-007
  4.023641235072713E-007  4.023641235068677E-007  4.023641235064670E-007
  4.023641235060814E-007  4.023641235056831E-007  4.023641235052825E-007
  4.023641235048766E-007  4.023641235044781E-007  4.023641235040798E-007
  1.362551236430767E-006  4.023641235098819E-007  4.023641235099830E-007
  4.023641235100863E-007  4.023641235101867E-007  4.023641235102910E-007
  4.023641235103900E-007  4.023641235104853E-007  4.023641235105870E-007
  4.023641235107015E-007  4.023641235108009E-007  4.023641235109037E-007
  4.023641235110013E-007  4.023641235111041E-007  4.023641235112023E-007
  1.362551236430726E-006  4.023641235096209E-007  4.023641235095212E-007
  4.023641235094231E-007  4.023641235093224E-007  4.023641235092251E-007
  4.023641235091242E-007  4.023641235090183E-007  4.023641235089190E-007
  4.023641235088313E-007  4.023641235087331E-007  4.023641235086314E-007
  4.023641235085268E-007  4.023641235084296E-007  4.023641235083280E-007
  1.362551236431032E-006  4.023641235111806E-007  4.023641235122663E-007
  4.023641235133544E-007  4.023641235144396E-007  4.023641235155288E-007
  4.023641235166115E-007  4.023641235176927E-007  4.023641235187792E-007
  4.023641235198797E-007  4.023641235209640E-007  4.023641235220516E-007
  4.023641235231317E-007  4.023641235242171E-007  4.023641235253047E-007
  1.362551236430427E-006  4.023641235082398E-007  4.023641235070956E-007
  4.023641235059544E-007  4.023641235048083E-007  4.023641235036695E-007
  4.023641235025226E-007  4.023641235013731E-007  4.023641235002290E-007
  4.023641234990986E-007  4.023641234979578E-007  4.023641234968125E-007
  4.023641234956641E-007  4.023641234945232E-007  4.023641234933734E-007
  1.362551236430760E-006  4.023641235098067E-007  4.023641235098480E-007
  4.023641235098921E-007  4.023641235099328E-007  4.023641235099776E-007
  4.023641235100165E-007  4.023641235100537E-007  4.023641235100964E-007
  4.023641235101507E-007  4.023641235101911E-007  4.023641235102348E-007
  4.023641235102711E-007  4.023641235103148E-007  4.023641235103564E-007
  1.362551236430842E-006  4.023641235112724E-007  4.023641235124778E-007
  4.023641235136857E-007  4.023641235148906E-007  4.023641235161000E-007
  4.023641235173025E-007  4.023641235185034E-007  4.023641235197096E-007
  4.023641235209299E-007  4.023641235221338E-007  4.023641235233423E-007
  4.023641235245433E-007  4.023641235257472E-007  4.023641235269534E-007
  1.362551236430699E-006  4.023641235093152E-007  4.023641235089747E-007
  4.023641235086368E-007  4.023641235082950E-007  4.023641235079578E-007
  4.023641235076146E-007  4.023641235072700E-007  4.023641235069296E-007
  4.023641235066019E-007  4.023641235062626E-007  4.023641235059233E-007
  4.023641235055764E-007  4.023641235052371E-007  4.023641235048955E-007
  1.362551236430767E-006  4.023641235099341E-007  4.023641235100771E-007
  4.023641235102227E-007  4.023641235103649E-007  4.023641235105118E-007
  4.023641235106521E-007  4.023641235107899E-007  4.023641235109341E-007
  4.023641235110899E-007  4.023641235112329E-007  4.023641235113793E-007
  4.023641235115159E-007  4.023641235116578E-007  4.023641235118020E-007
  1.362551236431080E-006  4.023641235097759E-007  4.023641235097161E-007
  4.023641235096593E-007  4.023641235095992E-007  4.023641235095432E-007
  4.023641235094829E-007  4.023641235094167E-007  4.023641235093580E-007
  4.023641235093109E-007  4.023641235092533E-007  4.023641235091924E-007
  4.023641235091284E-007  4.023641235090719E-007  4.023641235090109E-007
  1.362551236431399E-006  4.023641235147497E-007  4.023641235186298E-007
  4.023641235225123E-007  4.023641235263911E-007  4.023641235302744E-007
  4.023641235341523E-007  4.023641235380266E-007  4.023641235419083E-007
  4.023641235457995E-007  4.023641235496812E-007  4.023641235535619E-007
  4.023641235574372E-007  4.023641235613155E-007  4.023641235651984E-007
  4.614093959731519E-006  1.362551236430739E-006  1.362551236430703E-006
  1.362551236430673E-006  1.362551236430633E-006  1.362551236430610E-006
  1.362551236430560E-006  1.362551236430506E-006  1.362551236430470E-006
  1.362551236430482E-006  1.362551236430442E-006  1.362551236430416E-006
  1.362551236430366E-006  1.362551236430322E-006  1.362551236430286E-006
  1.362551236430748E-006  4.023641235095801E-007  4.023641235094424E-007
  4.023641235093067E-007  4.023641235091677E-007  4.023641235090339E-007
  4.023641235088937E-007  4.023641235087485E-007  4.023641235086121E-007
  4.023641235084873E-007  4.023641235083496E-007  4.023641235082132E-007
  4.023641235080692E-007  4.023641235079328E-007  4.023641235077941E-007
  1.362551236430813E-006  4.023641235096711E-007  4.023641235095908E-007
  4.023641235095125E-007  4.023641235094318E-007  4.023641235093539E-007
  4.023641235092719E-007  4.023641235091861E-007  4.023641235091056E-007
  4.023641235090390E-007  4.023641235089596E-007  4.023641235088792E-007
  4.023641235087911E-007  4.023641235087129E-007  4.023641235086323E-007
  1.362551236430882E-006  4.023641235103884E-007  4.023641235108708E-007
  4.023641235113542E-007  4.023641235118366E-007  4.023641235123229E-007
  4.023641235128024E-007  4.023641235132801E-007  4.023641235137610E-007
  4.023641235142570E-007  4.023641235147413E-007  4.023641235152222E-007
  4.023641235156978E-007  4.023641235161810E-007  4.023641235166641E-007
  1.362551236430715E-006  4.023641235095490E-007  4.023641235093935E-007
  4.023641235092409E-007  4.023641235090837E-007  4.023641235089327E-007
  4.023641235087748E-007  4.023641235086142E-007  4.023641235084589E-007
  4.023641235083165E-007  4.023641235081634E-007  4.023641235080093E-007
  4.023641235078452E-007  4.023641235076910E-007  4.023641235075369E-007
  1.362551236430790E-006  4.023641235092419E-007  4.023641235088205E-007
  4.023641235084010E-007  4.023641235079780E-007  4.023641235075602E-007
  4.023641235071370E-007  4.023641235067090E-007  4.023641235062885E-007
  4.023641235058808E-007  4.023641235054591E-007  4.023641235050364E-007
  4.023641235046106E-007  4.023641235041902E-007  4.023641235037673E-007
  1.362551236430849E-006  4.023641235088800E-007  4.023641235081521E-007
  4.023641235074265E-007  4.023641235066981E-007  4.023641235059741E-007
  4.023641235052443E-007  4.023641235045106E-007  4.023641235037834E-007
  4.023641235030691E-007  4.023641235023420E-007  4.023641235016125E-007
  4.023641235008845E-007  4.023641235001529E-007  4.023641234994280E-007
  1.362551236430673E-006  4.023641235093063E-007  4.023641235089647E-007
  4.023641235086251E-007  4.023641235082827E-007  4.023641235079456E-007
  4.023641235076008E-007  4.023641235072546E-007  4.023641235069136E-007
  4.023641235065844E-007  4.023641235062445E-007  4.023641235059024E-007
  4.023641235055551E-007  4.023641235052153E-007  4.023641235048732E-007
  1.362551236430973E-006  4.023641235107456E-007  4.023641235114946E-007
  4.023641235122457E-007  4.023641235129936E-007  4.023641235137466E-007
  4.023641235144939E-007  4.023641235152373E-007  4.023641235159870E-007
  4.023641235167487E-007  4.023641235174984E-007  4.023641235182482E-007
  4.023641235189927E-007  4.023641235197449E-007  4.023641235204924E-007
  1.362551236431063E-006  4.023641235112773E-007  4.023641235124336E-007
  4.023641235135921E-007  4.023641235147476E-007  4.023641235159083E-007
  4.023641235170625E-007  4.023641235182141E-007  4.023641235193721E-007
  4.023641235205407E-007  4.023641235216965E-007  4.023641235228556E-007
  4.023641235240049E-007  4.023641235251617E-007  4.023641235263209E-007
  1.362551236430662E-006  4.023641235082261E-007  4.023641235070153E-007
  4.023641235058061E-007  4.023641235045943E-007  4.023641235033875E-007
  4.023641235021733E-007  4.023641235009575E-007  4.023641234997470E-007
  4.023641234985493E-007  4.023641234973377E-007  4.023641234961295E-007
  4.023641234949137E-007  4.023641234937031E-007  4.023641234924927E-007
  1.362551236430731E-006  4.023641235095972E-007  4.023641235094769E-007
  4.023641235093582E-007  4.023641235092377E-007  4.023641235091206E-007
  4.023641235089983E-007  4.023641235088721E-007  4.023641235087524E-007
  4.023641235086444E-007  4.023641235085258E-007  4.023641235084072E-007
  4.023641235082810E-007  4.023641235081579E-007  4.023641235080394E-007
  1.362551236430555E-006  4.023641235066425E-007  4.023641235041785E-007
  4.023641235017166E-007  4.023641234992514E-007  4.023641234967909E-007
  4.023641234943255E-007  4.023641234918565E-007  4.023641234893927E-007
  4.023641234869417E-007  4.023641234844791E-007  4.023641234820142E-007
  4.023641234795485E-007  4.023641234770835E-007  4.023641234746186E-007
  1.362551236431318E-006  4.023641235124490E-007  4.023641235144906E-007
  4.023641235165341E-007  4.023641235185749E-007  4.023641235206203E-007
  4.023641235226598E-007  4.023641235246956E-007  4.023641235267388E-007
  4.023641235287926E-007  4.023641235308348E-007  4.023641235328792E-007
  4.023641235349138E-007  4.023641235369583E-007  4.023641235389982E-007
  1.362551236430686E-006  4.023641235093562E-007  4.023641235090522E-007
  4.023641235087502E-007  4.023641235084446E-007  4.023641235081447E-007
  4.023641235078379E-007  4.023641235075284E-007  4.023641235072253E-007
  4.023641235069328E-007  4.023641235066297E-007  4.023641235063266E-007
  4.023641235060183E-007  4.023641235057152E-007  4.023641235054099E-007
  4.614093959731533E-006  1.362551236430796E-006  1.362551236430803E-006
  1.362551236430815E-006  1.362551236430819E-006  1.362551236430839E-006
  1.362551236430831E-006  1.362551236430820E-006  1.362551236430824E-006
  1.362551236430881E-006  1.362551236430884E-006  1.362551236430898E-006
  1.362551236430882E-006  1.362551236430895E-006  1.362551236430899E-006
  1.362551236430748E-006  4.023641235097920E-007  4.023641235098247E-007
  4.023641235098588E-007  4.023641235098905E-007  4.023641235099284E-007
  4.023641235099583E-007  4.023641235099854E-007  4.023641235100191E-007
  4.023641235100643E-007  4.023641235100980E-007  4.023641235101304E-007
  4.023641235101577E-007  4.023641235101902E-007  4.023641235102249E-007
  1.362551236430582E-006  4.023641235089687E-007  4.023641235083763E-007
  4.023641235077859E-007  4.023641235071934E-007  4.023641235066044E-007
  4.023641235060088E-007  4.023641235054119E-007  4.023641235048202E-007
  4.023641235042412E-007  4.023641235036485E-007  4.023641235030567E-007
  4.023641235024597E-007  4.023641235018680E-007  4.023641235012763E-007
  1.362551236430766E-006  4.023641235099322E-007  4.023641235100733E-007
  4.023641235102166E-007  4.023641235103574E-007  4.023641235105028E-007
  4.023641235106424E-007  4.023641235107781E-007  4.023641235109192E-007
  4.023641235110743E-007  4.023641235112153E-007  4.023641235113586E-007
  4.023641235114944E-007  4.023641235116354E-007  4.023641235117809E-007
  1.362551236430946E-006  4.023641235104633E-007  4.023641235109909E-007
  4.023641235115212E-007  4.023641235120472E-007  4.023641235125787E-007
  4.023641235131035E-007  4.023641235136255E-007  4.023641235141549E-007
  4.023641235146939E-007  4.023641235152201E-007  4.023641235157507E-007
  4.023641235162739E-007  4.023641235168023E-007  4.023641235173330E-007
  1.362551236431022E-006  4.023641235110025E-007  4.023641235119474E-007
  4.023641235128947E-007  4.023641235138381E-007  4.023641235147862E-007
  4.023641235157295E-007  4.023641235166691E-007  4.023641235176150E-007
  4.023641235185727E-007  4.023641235195175E-007  4.023641235204623E-007
  4.023641235214019E-007  4.023641235223490E-007  4.023641235232938E-007
  1.362551236430849E-006  4.023641235088799E-007  4.023641235081521E-007
  4.023641235074266E-007  4.023641235066981E-007  4.023641235059741E-007
  4.023641235052431E-007  4.023641235045106E-007  4.023641235037834E-007
  4.023641235030691E-007  4.023641235023419E-007  4.023641235016147E-007
  4.023641235008823E-007  4.023641235001551E-007  4.023641234994279E-007
  1.362551236430673E-006  4.023641235084602E-007  4.023641235074352E-007
  4.023641235064133E-007  4.023641235053879E-007  4.023641235043676E-007
  4.023641235033403E-007  4.023641235023092E-007  4.023641235012868E-007
  4.023641235002750E-007  4.023641234992514E-007  4.023641234982267E-007
  4.023641234971945E-007  4.023641234961720E-007  4.023641234951519E-007
  1.362551236430742E-006  4.023641235098314E-007  4.023641235098975E-007
  4.023641235099655E-007  4.023641235100308E-007  4.023641235101007E-007
  4.023641235101641E-007  4.023641235102249E-007  4.023641235102910E-007
  4.023641235103699E-007  4.023641235104373E-007  4.023641235105045E-007
  4.023641235105641E-007  4.023641235106314E-007  4.023641235106963E-007
  1.362551236430600E-006  4.023641235069098E-007  4.023641235046508E-007
  4.023641235023941E-007  4.023641235001355E-007  4.023641234978803E-007
  4.023641234956180E-007  4.023641234933543E-007  4.023641234910959E-007
  4.023641234888490E-007  4.023641234865906E-007  4.023641234843344E-007
  4.023641234820683E-007  4.023641234798099E-007  4.023641234775537E-007
  1.362551236430893E-006  4.023641235108324E-007  4.023641235116706E-007
  4.023641235125108E-007  4.023641235133480E-007  4.023641235141895E-007
  4.023641235150252E-007  4.023641235158595E-007  4.023641235166967E-007
  4.023641235175469E-007  4.023641235183875E-007  4.023641235192247E-007
  4.023641235200590E-007  4.023641235208962E-007  4.023641235217358E-007
  1.362551236430731E-006  4.023641235095974E-007  4.023641235094769E-007
  4.023641235093587E-007  4.023641235092372E-007  4.023641235091206E-007
  4.023641235089982E-007  4.023641235088732E-007  4.023641235087524E-007
  4.023641235086444E-007  4.023641235085258E-007  4.023641235084049E-007
  4.023641235082788E-007  4.023641235081602E-007  4.023641235080393E-007
  1.362551236430555E-006  4.023641235066425E-007  4.023641235041785E-007
  4.023641235017160E-007  4.023641234992520E-007  4.023641234967920E-007
  4.023641234943256E-007  4.023641234918565E-007  4.023641234893927E-007
  4.023641234869417E-007  4.023641234844791E-007  4.023641234820119E-007
  4.023641234795462E-007  4.023641234770813E-007  4.023641234746186E-007
  1.362551236430855E-006  4.023641235106202E-007  4.023641235112958E-007
  4.023641235119741E-007  4.023641235126486E-007  4.023641235133282E-007
  4.023641235140014E-007  4.023641235146720E-007  4.023641235153479E-007
  4.023641235160366E-007  4.023641235167146E-007  4.023641235173895E-007
  4.023641235180589E-007  4.023641235187359E-007  4.023641235194128E-007
  1.362551236430686E-006  4.023641235093562E-007  4.023641235090522E-007
  4.023641235087502E-007  4.023641235084458E-007  4.023641235081447E-007
  4.023641235078379E-007  4.023641235075273E-007  4.023641235072253E-007
  4.023641235069340E-007  4.023641235066343E-007  4.023641235063244E-007
  4.023641235060160E-007  4.023641235057129E-007  4.023641235054099E-007
  4.614093959731533E-006  1.362551236430795E-006  1.362551236430800E-006
  1.362551236430811E-006  1.362551236430811E-006  1.362551236430831E-006
  1.362551236430827E-006  1.362551236430811E-006  1.362551236430819E-006
  1.362551236430865E-006  1.362551236430868E-006  1.362551236430881E-006
  1.362551236430874E-006  1.362551236430877E-006  1.362551236430871E-006
  1.362551236430806E-006  4.023641235100204E-007  4.023641235102237E-007
  4.023641235104301E-007  4.023641235106324E-007  4.023641235108394E-007
  4.023641235110404E-007  4.023641235112377E-007  4.023641235114425E-007
  4.023641235116590E-007  4.023641235118639E-007  4.023641235120653E-007
  4.023641235122660E-007  4.023641235124674E-007  4.023641235126734E-007
  1.362551236430698E-006  4.023641235094257E-007  4.023641235091749E-007
  4.023641235089264E-007  4.023641235086740E-007  4.023641235084263E-007
  4.023641235081743E-007  4.023641235079175E-007  4.023641235076682E-007
  4.023641235074306E-007  4.023641235071779E-007  4.023641235069332E-007
  4.023641235066718E-007  4.023641235064247E-007  4.023641235061709E-007
  1.362551236430767E-006  4.023641235099320E-007  4.023641235100733E-007
  4.023641235102171E-007  4.023641235103579E-007  4.023641235105028E-007
  4.023641235106424E-007  4.023641235107782E-007  4.023641235109204E-007
  4.023641235110742E-007  4.023641235112153E-007  4.023641235113586E-007
  4.023641235114967E-007  4.023641235116354E-007  4.023641235117787E-007
  1.362551236430715E-006  4.023641235087036E-007  4.023641235078656E-007
  4.023641235070292E-007  4.023641235061901E-007  4.023641235053568E-007
  4.023641235045153E-007  4.023641235036723E-007  4.023641235028346E-007
  4.023641235020097E-007  4.023641235011720E-007  4.023641235003354E-007
  4.023641234994890E-007  4.023641234986524E-007  4.023641234978180E-007
  1.362551236431022E-006  4.023641235110028E-007  4.023641235119474E-007
  4.023641235128947E-007  4.023641235138382E-007  4.023641235147874E-007
  4.023641235157295E-007  4.023641235166691E-007  4.023641235176139E-007
  4.023641235185716E-007  4.023641235195175E-007  4.023641235204601E-007
  4.023641235214041E-007  4.023641235223467E-007  4.023641235232938E-007
  1.362551236430849E-006  4.023641235088799E-007  4.023641235081521E-007
  4.023641235074265E-007  4.023641235066981E-007  4.023641235059741E-007
  4.023641235052431E-007  4.023641235045117E-007  4.023641235037846E-007
  4.023641235030691E-007  4.023641235023419E-007  4.023641235016147E-007
  4.023641235008823E-007  4.023641235001551E-007  4.023641234994279E-007
  1.362551236431135E-006  4.023641235111348E-007  4.023641235121593E-007
  4.023641235131856E-007  4.023641235142102E-007  4.023641235152387E-007
  4.023641235162603E-007  4.023641235172781E-007  4.023641235183046E-007
  4.023641235193416E-007  4.023641235203669E-007  4.023641235213923E-007
  4.023641235224101E-007  4.023641235234377E-007  4.023641235244630E-007
  1.362551236430742E-006  4.023641235098314E-007  4.023641235098972E-007
  4.023641235099654E-007  4.023641235100303E-007  4.023641235100995E-007
  4.023641235101641E-007  4.023641235102249E-007  4.023641235102922E-007
  4.023641235103711E-007  4.023641235104372E-007  4.023641235105045E-007
  4.023641235105641E-007  4.023641235106336E-007  4.023641235106986E-007
  1.362551236430138E-006  4.023641235067739E-007  4.023641235045148E-007
  4.023641235022592E-007  4.023641234999997E-007  4.023641234977451E-007
  4.023641234954842E-007  4.023641234932194E-007  4.023641234909612E-007
  4.023641234887168E-007  4.023641234864585E-007  4.023641234842024E-007
  4.023641234819366E-007  4.023641234796783E-007  4.023641234774200E-007
  1.362551236431356E-006  4.023641235126613E-007  4.023641235148654E-007
  4.023641235170709E-007  4.023641235192748E-007  4.023641235214815E-007
  4.023641235236836E-007  4.023641235258830E-007  4.023641235280877E-007
  4.023641235303051E-007  4.023641235325076E-007  4.023641235347145E-007
  4.023641235369140E-007  4.023641235391186E-007  4.023641235413211E-007
  1.362551236430731E-006  4.023641235095974E-007  4.023641235094769E-007
  4.023641235093582E-007  4.023641235092371E-007  4.023641235091206E-007
  4.023641235089983E-007  4.023641235088721E-007  4.023641235087513E-007
  4.023641235086444E-007  4.023641235085281E-007  4.023641235084072E-007
  4.023641235082810E-007  4.023641235081602E-007  4.023641235080416E-007
  1.362551236430555E-006  4.023641235083346E-007  4.023641235072367E-007
  4.023641235061411E-007  4.023641235050423E-007  4.023641235039468E-007
  4.023641235028479E-007  4.023641235017439E-007  4.023641235006464E-007
  4.023641234995618E-007  4.023641234984653E-007  4.023641234973656E-007
  4.023641234962652E-007  4.023641234951676E-007  4.023641234940678E-007
  1.362551236430856E-006  4.023641235106209E-007  4.023641235112971E-007
  4.023641235119757E-007  4.023641235126512E-007  4.023641235133311E-007
  4.023641235140058E-007  4.023641235146767E-007  4.023641235153529E-007
  4.023641235160430E-007  4.023641235167181E-007  4.023641235173976E-007
  4.023641235180675E-007  4.023641235187470E-007  4.023641235194199E-007
  1.362551236430686E-006  4.023641235093565E-007  4.023641235090522E-007
  4.023641235087502E-007  4.023641235084452E-007  4.023641235081447E-007
  4.023641235078379E-007  4.023641235075273E-007  4.023641235072253E-007
  4.023641235069339E-007  4.023641235066297E-007  4.023641235063289E-007
  4.023641235060160E-007  4.023641235057152E-007  4.023641235054121E-007
  4.614093959731533E-006  1.362551236430797E-006  1.362551236430803E-006
  1.362551236430815E-006  1.362551236430819E-006  1.362551236430837E-006
  1.362551236430831E-006  1.362551236430820E-006  1.362551236430824E-006
  1.362551236430881E-006  1.362551236430884E-006  1.362551236430898E-006
  1.362551236430891E-006  1.362551236430895E-006  1.362551236430899E-006
  1.362551236430748E-006  4.023641235097923E-007  4.023641235098253E-007
  4.023641235098598E-007  4.023641235098929E-007  4.023641235099292E-007
  4.023641235099604E-007  4.023641235099889E-007  4.023641235100216E-007
  4.023641235100671E-007  4.023641235101020E-007  4.023641235101346E-007
  4.023641235101619E-007  4.023641235101969E-007  4.023641235102296E-007
  1.362551236430698E-006  4.023641235090026E-007  4.023641235084097E-007
  4.023641235078195E-007  4.023641235072262E-007  4.023641235066375E-007
  4.023641235060419E-007  4.023641235054425E-007  4.023641235048517E-007
  4.023641235042715E-007  4.023641235036819E-007  4.023641235030855E-007
  4.023641235024906E-007  4.023641235018986E-007  4.023641235013046E-007
  1.362551236430651E-006  4.023641235082054E-007  4.023641235069804E-007
  4.023641235057574E-007  4.023641235045313E-007  4.023641235033097E-007
  4.023641235020839E-007  4.023641235008520E-007  4.023641234996289E-007
  4.023641234984175E-007  4.023641234971921E-007  4.023641234959678E-007
  4.023641234947382E-007  4.023641234935140E-007  4.023641234922874E-007
  1.362551236430715E-006  4.023641235095494E-007  4.023641235093937E-007
  4.023641235092404E-007  4.023641235090843E-007  4.023641235089328E-007
  4.023641235087760E-007  4.023641235086130E-007  4.023641235084601E-007
  4.023641235083165E-007  4.023641235081611E-007  4.023641235080048E-007
  4.023641235078452E-007  4.023641235076912E-007  4.023641235075347E-007
  1.362551236430791E-006  4.023641235100885E-007  4.023641235103503E-007
  4.023641235106138E-007  4.023641235108748E-007  4.023641235111413E-007
  4.023641235113998E-007  4.023641235116567E-007  4.023641235119190E-007
  4.023641235121929E-007  4.023641235124563E-007  4.023641235127162E-007
  4.023641235129732E-007  4.023641235132377E-007  4.023641235134978E-007
  1.362551236430618E-006  4.023641235088117E-007  4.023641235080838E-007
  4.023641235073585E-007  4.023641235066300E-007  4.023641235059050E-007
  4.023641235051762E-007  4.023641235044415E-007  4.023641235037166E-007
  4.023641235030010E-007  4.023641235022738E-007  4.023641235015444E-007
  4.023641235008120E-007  4.023641235000893E-007  4.023641234993598E-007
  1.362551236430904E-006  4.023641235110666E-007  4.023641235120912E-007
  4.023641235131176E-007  4.023641235141411E-007  4.023641235151708E-007
  4.023641235161923E-007  4.023641235172112E-007  4.023641235182366E-007
  4.023641235192736E-007  4.023641235202989E-007  4.023641235213242E-007
  4.023641235223443E-007  4.023641235233674E-007  4.023641235243950E-007
  1.362551236430742E-006  4.023641235098315E-007  4.023641235098971E-007
  4.023641235099654E-007  4.023641235100303E-007  4.023641235100996E-007
  4.023641235101641E-007  4.023641235102249E-007  4.023641235102910E-007
  4.023641235103699E-007  4.023641235104372E-007  4.023641235105022E-007
  4.023641235105665E-007  4.023641235106314E-007  4.023641235106963E-007
  1.362551236430600E-006  4.023641235069099E-007  4.023641235046510E-007
  4.023641235023947E-007  4.023641235001350E-007  4.023641234978791E-007
  4.023641234956191E-007  4.023641234933531E-007  4.023641234910958E-007
  4.023641234888502E-007  4.023641234865906E-007  4.023641234843344E-007
  4.023641234820683E-007  4.023641234798098E-007  4.023641234775536E-007
  1.362551236430894E-006  4.023641235125245E-007  4.023641235147285E-007
  4.023641235169355E-007  4.023641235191382E-007  4.023641235213455E-007
  4.023641235235487E-007  4.023641235257470E-007  4.023641235279528E-007
  4.023641235301669E-007  4.023641235323716E-007  4.023641235345785E-007
  4.023641235367779E-007  4.023641235389803E-007  4.023641235411873E-007
  1.362551236430731E-006  4.023641235095975E-007  4.023641235094768E-007
  4.023641235093588E-007  4.023641235092377E-007  4.023641235091218E-007
  4.023641235089972E-007  4.023641235088721E-007  4.023641235087524E-007
  4.023641235086455E-007  4.023641235085236E-007  4.023641235084072E-007
  4.023641235082788E-007  4.023641235081602E-007  4.023641235080394E-007
  1.362551236430093E-006  4.023641235065065E-007  4.023641235040426E-007
  4.023641235015810E-007  4.023641234991173E-007  4.023641234966567E-007
  4.023641234941917E-007  4.023641234917227E-007  4.023641234892592E-007
  4.023641234868083E-007  4.023641234843470E-007  4.023641234818823E-007
  4.023641234794122E-007  4.023641234769497E-007  4.023641234744871E-007
  1.362551236430855E-006  4.023641235140041E-007  4.023641235174119E-007
  4.023641235208219E-007  4.023641235242285E-007  4.023641235276401E-007
  4.023641235310471E-007  4.023641235344480E-007  4.023641235378564E-007
  4.023641235412766E-007  4.023641235446850E-007  4.023641235480924E-007
  4.023641235514945E-007  4.023641235549040E-007  4.023641235583113E-007
  1.362551236432074E-006  4.023641235199182E-007  4.023641235278105E-007
  4.023641235357049E-007  4.023641235435959E-007  4.023641235514921E-007
  4.023641235593808E-007  4.023641235672680E-007  4.023641235751605E-007
  4.023641235830657E-007  4.023641235909581E-007  4.023641235988506E-007
  4.023641236067377E-007  4.023641236146302E-007  4.023641236225249E-007
  4.614093959731458E-006  1.362551236430753E-006  1.362551236430739E-006
  1.362551236430739E-006  1.362551236430721E-006  1.362551236430723E-006
  1.362551236430703E-006  1.362551236430670E-006  1.362551236430665E-006
  1.362551236430699E-006  1.362551236430690E-006  1.362551236430672E-006
  1.362551236430648E-006  1.362551236430634E-006  1.362551236430638E-006
  1.362551236430765E-006  4.023641235095765E-007  4.023641235094316E-007
  4.023641235092888E-007  4.023641235091424E-007  4.023641235090011E-007
  4.023641235088540E-007  4.023641235087030E-007  4.023641235085598E-007
  4.023641235084269E-007  4.023641235082824E-007  4.023641235081380E-007
  4.023641235079882E-007  4.023641235078437E-007  4.023641235076993E-007
  1.362551236430879E-006  4.023641235104505E-007  4.023641235109839E-007
  4.023641235115200E-007  4.023641235120515E-007  4.023641235125893E-007
  4.023641235131202E-007  4.023641235136484E-007  4.023641235141796E-007
  4.023641235147260E-007  4.023641235152618E-007  4.023641235157952E-007
  4.023641235163235E-007  4.023641235168570E-007  4.023641235173905E-007
  1.362551236430649E-006  4.023641235091019E-007  4.023641235086012E-007
  4.023641235081029E-007  4.023641235076015E-007  4.023641235071040E-007
  4.023641235066019E-007  4.023641235060959E-007  4.023641235055963E-007
  4.023641235051084E-007  4.023641235046066E-007  4.023641235041083E-007
  4.023641235036023E-007  4.023641235031038E-007  4.023641235026008E-007
  1.362551236430411E-006  4.023641235073151E-007  4.023641235054285E-007
  4.023641235035439E-007  4.023641235016565E-007  4.023641234997736E-007
  4.023641234978827E-007  4.023641234959914E-007  4.023641234941054E-007
  4.023641234922322E-007  4.023641234903474E-007  4.023641234884624E-007
  4.023641234865677E-007  4.023641234846828E-007  4.023641234827956E-007
  1.362551236430419E-006  4.023641235081833E-007  4.023641235069956E-007
  4.023641235058102E-007  4.023641235046214E-007  4.023641235034377E-007
  4.023641235022475E-007  4.023641235010546E-007  4.023641234998671E-007
  4.023641234986924E-007  4.023641234975048E-007  4.023641234963196E-007
  4.023641234951269E-007  4.023641234939394E-007  4.023641234927518E-007
  1.362551236430641E-006  4.023641235090644E-007  4.023641235085350E-007
  4.023641235080074E-007  4.023641235074775E-007  4.023641235069522E-007
  4.023641235064198E-007  4.023641235058870E-007  4.023641235053574E-007
  4.023641235048405E-007  4.023641235043118E-007  4.023641235037833E-007
  4.023641235032472E-007  4.023641235027231E-007  4.023641235021923E-007
  1.362551236430863E-006  4.023641235125218E-007  4.023641235147307E-007
  4.023641235169423E-007  4.023641235191505E-007  4.023641235213632E-007
  4.023641235235699E-007  4.023641235257741E-007  4.023641235279836E-007
  4.023641235302047E-007  4.023641235324152E-007  4.023641235346270E-007
  4.023641235368289E-007  4.023641235390383E-007  4.023641235412500E-007
  1.362551236430629E-006  4.023641235073575E-007  4.023641235054531E-007
  4.023641235035513E-007  4.023641235016455E-007  4.023641234997448E-007
  4.023641234978394E-007  4.023641234959303E-007  4.023641234940241E-007
  4.023641234921331E-007  4.023641234902303E-007  4.023641234883276E-007
  4.023641234864171E-007  4.023641234845121E-007  4.023641234826094E-007
  1.362551236430879E-006  4.023641235107971E-007  4.023641235116100E-007
  4.023641235124253E-007  4.023641235132380E-007  4.023641235140552E-007
  4.023641235148661E-007  4.023641235156731E-007  4.023641235164865E-007
  4.023641235173139E-007  4.023641235181262E-007  4.023641235189420E-007
  4.023641235197479E-007  4.023641235205613E-007  4.023641235213748E-007
  1.362551236430645E-006  4.023641235090170E-007  4.023641235084486E-007
  4.023641235078821E-007  4.023641235073135E-007  4.023641235067488E-007
  4.023641235061789E-007  4.023641235056041E-007  4.023641235050368E-007
  4.023641235044812E-007  4.023641235039139E-007  4.023641235033455E-007
  4.023641235027718E-007  4.023641235022057E-007  4.023641235016372E-007
  1.362551236430411E-006  4.023641235072372E-007  4.023641235052877E-007
  4.023641235033411E-007  4.023641235013908E-007  4.023641234994445E-007
  4.023641234974929E-007  4.023641234955374E-007  4.023641234935896E-007
  4.023641234916523E-007  4.023641234897056E-007  4.023641234877577E-007
  4.023641234858023E-007  4.023641234838499E-007  4.023641234819043E-007
  1.362551236430626E-006  4.023641235089508E-007  4.023641235083334E-007
  4.023641235077180E-007  4.023641235071001E-007  4.023641235064867E-007
  4.023641235058652E-007  4.023641235052432E-007  4.023641235046276E-007
  4.023641235040227E-007  4.023641235034050E-007  4.023641235027871E-007
  4.023641235021664E-007  4.023641235015509E-007  4.023641235009353E-007
  1.362551236430862E-006  4.023641235141303E-007  4.023641235176388E-007
  4.023641235211487E-007  4.023641235246562E-007  4.023641235281684E-007
  4.023641235316741E-007  4.023641235351771E-007  4.023641235386854E-007
  4.023641235422066E-007  4.023641235457172E-007  4.023641235492222E-007
  4.023641235527264E-007  4.023641235562381E-007  4.023641235597430E-007
  1.362551236431091E-006  4.023641235124613E-007  4.023641235145674E-007
  4.023641235166753E-007  4.023641235187810E-007  4.023641235208897E-007
  4.023641235229941E-007  4.023641235250948E-007  4.023641235272019E-007
  4.023641235293207E-007  4.023641235314266E-007  4.023641235335349E-007
  4.023641235356333E-007  4.023641235377393E-007  4.023641235398475E-007
  4.614093959731472E-006  1.362551236430810E-006  1.362551236430840E-006
  1.362551236430881E-006  1.362551236430906E-006  1.362551236430950E-006
  1.362551236430973E-006  1.362551236430984E-006  1.362551236431019E-006
  1.362551236431097E-006  1.362551236431132E-006  1.362551236431157E-006
  1.362551236431173E-006  1.362551236431208E-006  1.362551236431242E-006
  1.362551236430765E-006  4.023641235097879E-007  4.023641235098127E-007
  4.023641235098403E-007  4.023641235098643E-007  4.023641235098947E-007
  4.023641235099164E-007  4.023641235099377E-007  4.023641235099631E-007
  4.023641235100013E-007  4.023641235100267E-007  4.023641235100510E-007
  4.023641235100746E-007  4.023641235100989E-007  4.023641235101254E-007
  1.362551236430763E-006  4.023641235099935E-007  4.023641235101850E-007
  4.023641235103783E-007  4.023641235105698E-007  4.023641235107652E-007
  4.023641235109548E-007  4.023641235111406E-007  4.023641235113339E-007
  4.023641235115378E-007  4.023641235117301E-007  4.023641235119234E-007
  4.023641235121092E-007  4.023641235123025E-007  4.023641235124958E-007
  1.362551236430649E-006  4.023641235082559E-007  4.023641235070727E-007
  4.023641235058907E-007  4.023641235047061E-007  4.023641235035261E-007
  4.023641235023401E-007  4.023641235011515E-007  4.023641234999683E-007
  4.023641234987991E-007  4.023641234976157E-007  4.023641234964324E-007
  4.023641234952439E-007  4.023641234940606E-007  4.023641234928774E-007
  1.362551236430642E-006  4.023641235082293E-007  4.023641235070259E-007
  4.023641235058241E-007  4.023641235046205E-007  4.023641235034197E-007
  4.023641235022147E-007  4.023641235010049E-007  4.023641234998014E-007
  4.023641234986108E-007  4.023641234974085E-007  4.023641234962062E-007
  4.023641234949964E-007  4.023641234937940E-007  4.023641234925895E-007
  1.362551236430882E-006  4.023641235125502E-007  4.023641235147772E-007
  4.023641235170070E-007  4.023641235192334E-007  4.023641235214648E-007
  4.023641235236909E-007  4.023641235259110E-007  4.023641235281398E-007
  4.023641235303814E-007  4.023641235326068E-007  4.023641235348367E-007
  4.023641235370591E-007  4.023641235392868E-007  4.023641235415143E-007
  1.362551236430641E-006  4.023641235090642E-007  4.023641235085350E-007
  4.023641235080074E-007  4.023641235074775E-007  4.023641235069521E-007
  4.023641235064209E-007  4.023641235058859E-007  4.023641235053551E-007
  4.023641235048416E-007  4.023641235043119E-007  4.023641235037833E-007
  4.023641235032472E-007  4.023641235027185E-007  4.023641235021923E-007
  1.362551236431326E-006  4.023641235126584E-007  4.023641235148671E-007
  4.023641235170790E-007  4.023641235192877E-007  4.023641235215004E-007
  4.023641235237061E-007  4.023641235259090E-007  4.023641235281207E-007
  4.023641235303419E-007  4.023641235325536E-007  4.023641235347607E-007
  4.023641235369649E-007  4.023641235391766E-007  4.023641235413838E-007
  1.362551236430629E-006  4.023641235090500E-007  4.023641235085122E-007
  4.023641235079764E-007  4.023641235074370E-007  4.023641235069028E-007
  4.023641235063628E-007  4.023641235058201E-007  4.023641235052816E-007
  4.023641235047569E-007  4.023641235042205E-007  4.023641235036854E-007
  4.023641235031381E-007  4.023641235026007E-007  4.023641235020656E-007
  1.362551236430879E-006  4.023641235107967E-007  4.023641235116093E-007
  4.023641235124247E-007  4.023641235132361E-007  4.023641235140522E-007
  4.023641235148639E-007  4.023641235156696E-007  4.023641235164840E-007
  4.023641235173102E-007  4.023641235181223E-007  4.023641235189356E-007
  4.023641235197436E-007  4.023641235205592E-007  4.023641235213702E-007
  1.362551236432033E-006  4.023641235161950E-007  4.023641235210908E-007
  4.023641235259895E-007  4.023641235308832E-007  4.023641235357832E-007
  4.023641235406774E-007  4.023641235455677E-007  4.023641235504645E-007
  4.023641235553741E-007  4.023641235602697E-007  4.023641235651642E-007
  4.023641235700580E-007  4.023641235749525E-007  4.023641235798493E-007
  1.362551236430411E-006  4.023641235072369E-007  4.023641235052873E-007
  4.023641235033395E-007  4.023641235013890E-007  4.023641234994448E-007
  4.023641234974918E-007  4.023641234955363E-007  4.023641234935871E-007
  4.023641234916496E-007  4.023641234897017E-007  4.023641234877514E-007
  4.023641234857980E-007  4.023641234838477E-007  4.023641234819019E-007
  1.362551236430626E-006  4.023641235089507E-007  4.023641235083331E-007
  4.023641235077187E-007  4.023641235071001E-007  4.023641235064867E-007
  4.023641235058663E-007  4.023641235052443E-007  4.023641235046277E-007
  4.023641235040227E-007  4.023641235034050E-007  4.023641235027894E-007
  4.023641235021664E-007  4.023641235015509E-007  4.023641235009353E-007
  1.362551236430862E-006  4.023641235141310E-007  4.023641235176393E-007
  4.023641235211498E-007  4.023641235246581E-007  4.023641235281703E-007
  4.023641235316751E-007  4.023641235351783E-007  4.023641235386891E-007
  4.023641235422093E-007  4.023641235457189E-007  4.023641235492263E-007
  4.023641235527329E-007  4.023641235562426E-007  4.023641235597499E-007
  1.362551236431091E-006  4.023641235124614E-007  4.023641235145677E-007
  4.023641235166753E-007  4.023641235187811E-007  4.023641235208908E-007
  4.023641235229941E-007  4.023641235250948E-007  4.023641235272019E-007
  4.023641235293208E-007  4.023641235314267E-007  4.023641235335349E-007
  4.023641235356355E-007  4.023641235377416E-007  4.023641235398475E-007
  4.614093959731472E-006  1.362551236430810E-006  1.362551236430839E-006
  1.362551236430878E-006  1.362551236430906E-006  1.362551236430953E-006
  1.362551236430973E-006  1.362551236430984E-006  1.362551236431024E-006
  1.362551236431097E-006  1.362551236431132E-006  1.362551236431157E-006
  1.362551236431173E-006  1.362551236431208E-006  1.362551236431242E-006
  1.362551236430765E-006  4.023641235099996E-007  4.023641235101961E-007
  4.023641235103947E-007  4.023641235105895E-007  4.023641235107901E-007
  4.023641235109843E-007  4.023641235111757E-007  4.023641235113737E-007
  4.023641235115822E-007  4.023641235117790E-007  4.023641235119747E-007
  4.023641235121674E-007  4.023641235123630E-007  4.023641235125610E-007
  1.362551236430416E-006  4.023641235086219E-007  4.023641235077890E-007
  4.023641235069587E-007  4.023641235061252E-007  4.023641235052962E-007
  4.023641235044608E-007  4.023641235036227E-007  4.023641235027898E-007
  4.023641235019710E-007  4.023641235011394E-007  4.023641235003078E-007
  4.023641234994685E-007  4.023641234986346E-007  4.023641234978029E-007
  1.362551236430649E-006  4.023641235082560E-007  4.023641235070724E-007
  4.023641235058913E-007  4.023641235047061E-007  4.023641235035261E-007
  4.023641235023401E-007  4.023641235011515E-007  4.023641234999683E-007
  4.023641234987978E-007  4.023641234976135E-007  4.023641234964347E-007
  4.023641234952417E-007  4.023641234940584E-007  4.023641234928774E-007
  1.362551236430643E-006  4.023641235090758E-007  4.023641235085554E-007
  4.023641235080375E-007  4.023641235075160E-007  4.023641235069997E-007
  4.023641235064774E-007  4.023641235059515E-007  4.023641235054320E-007
  4.023641235049241E-007  4.023641235044056E-007  4.023641235038861E-007
  4.023641235033590E-007  4.023641235028417E-007  4.023641235023221E-007
  1.362551236431344E-006  4.023641235143784E-007  4.023641235179712E-007
  4.023641235215665E-007  4.023641235251589E-007  4.023641235287559E-007
  4.023641235323460E-007  4.023641235359333E-007  4.023641235395293E-007
  4.023641235431349E-007  4.023641235467297E-007  4.023641235503201E-007
  4.023641235539074E-007  4.023641235575046E-007  4.023641235610996E-007
  1.362551236430178E-006  4.023641235072357E-007  4.023641235053401E-007
  4.023641235034474E-007  4.023641235015512E-007  4.023641234996590E-007
  4.023641234977603E-007  4.023641234958601E-007  4.023641234939665E-007
  4.023641234920833E-007  4.023641234901894E-007  4.023641234882935E-007
  4.023641234863921E-007  4.023641234844984E-007  4.023641234826047E-007
  1.362551236430863E-006  4.023641235108295E-007  4.023641235116725E-007
  4.023641235125179E-007  4.023641235133602E-007  4.023641235142083E-007
  4.023641235150477E-007  4.023641235158856E-007  4.023641235167287E-007
  4.023641235175858E-007  4.023641235184289E-007  4.023641235192733E-007
  4.023641235201123E-007  4.023641235209565E-007  4.023641235217985E-007
  1.362551236430629E-006  4.023641235073575E-007  4.023641235054527E-007
  4.023641235035507E-007  4.023641235016461E-007  4.023641234997448E-007
  4.023641234978383E-007  4.023641234959291E-007  4.023641234940252E-007
  4.023641234921342E-007  4.023641234902302E-007  4.023641234883274E-007
  4.023641234864150E-007  4.023641234845099E-007  4.023641234826094E-007
  1.362551236430879E-006  4.023641235107966E-007  4.023641235116093E-007
  4.023641235124242E-007  4.023641235132361E-007  4.023641235140521E-007
  4.023641235148628E-007  4.023641235156696E-007  4.023641235164840E-007
  4.023641235173090E-007  4.023641235181223E-007  4.023641235189356E-007
  4.023641235197459E-007  4.023641235205568E-007  4.023641235213724E-007
  1.362551236431108E-006  4.023641235125377E-007  4.023641235147015E-007
  4.023641235168672E-007  4.023641235190300E-007  4.023641235211980E-007
  4.023641235233596E-007  4.023641235255173E-007  4.023641235276814E-007
  4.023641235298585E-007  4.023641235320226E-007  4.023641235341891E-007
  4.023641235363480E-007  4.023641235385099E-007  4.023641235406764E-007
  1.362551236429486E-006  4.023641235001961E-007  4.023641234927824E-007
  4.023641234853710E-007  4.023641234779566E-007  4.023641234705473E-007
  4.023641234631305E-007  4.023641234557122E-007  4.023641234482992E-007
  4.023641234408978E-007  4.023641234334858E-007  4.023641234260751E-007
  4.023641234186522E-007  4.023641234112436E-007  4.023641234038283E-007
  1.362551236430626E-006  4.023641235055666E-007  4.023641235022173E-007
  4.023641234988702E-007  4.023641234955196E-007  4.023641234921747E-007
  4.023641234888217E-007  4.023641234854672E-007  4.023641234821191E-007
  4.023641234787826E-007  4.023641234754322E-007  4.023641234720842E-007
  4.023641234687285E-007  4.023641234653804E-007  4.023641234620346E-007
  1.362551236430862E-006  4.023641235141303E-007  4.023641235176384E-007
  4.023641235211492E-007  4.023641235246563E-007  4.023641235281672E-007
  4.023641235316740E-007  4.023641235351760E-007  4.023641235386854E-007
  4.023641235422055E-007  4.023641235457149E-007  4.023641235492221E-007
  4.023641235527263E-007  4.023641235562381E-007  4.023641235597430E-007
  1.362551236432016E-006  4.023641235195029E-007  4.023641235270730E-007
  4.023641235346449E-007  4.023641235422148E-007  4.023641235497892E-007
  4.023641235573566E-007  4.023641235649213E-007  4.023641235724923E-007
  4.023641235800741E-007  4.023641235876464E-007  4.023641235952198E-007
  4.023641236027811E-007  4.023641236103523E-007  4.023641236179257E-007
  4.614093959731519E-006  1.362551236430739E-006  1.362551236430703E-006
  1.362551236430674E-006  1.362551236430633E-006  1.362551236430610E-006
  1.362551236430565E-006  1.362551236430510E-006  1.362551236430470E-006
  1.362551236430482E-006  1.362551236430442E-006  1.362551236430416E-006
  1.362551236430366E-006  1.362551236430322E-006  1.362551236430295E-006
  1.362551236430748E-006  4.023641235097918E-007  4.023641235098243E-007
  4.023641235098588E-007  4.023641235098915E-007  4.023641235099284E-007
  4.023641235099572E-007  4.023641235099866E-007  4.023641235100180E-007
  4.023641235100633E-007  4.023641235100980E-007  4.023641235101305E-007
  4.023641235101577E-007  4.023641235101924E-007  4.023641235102249E-007
  1.362551236430813E-006  4.023641235103060E-007  4.023641235107380E-007
  4.023641235111732E-007  4.023641235116047E-007  4.023641235120405E-007
  4.023641235124712E-007  4.023641235128969E-007  4.023641235133302E-007
  4.023641235137741E-007  4.023641235142062E-007  4.023641235146418E-007
  4.023641235150675E-007  4.023641235154985E-007  4.023641235159318E-007
  1.362551236430420E-006  4.023641235081374E-007  4.023641235069124E-007
  4.023641235056889E-007  4.023641235044632E-007  4.023641235032427E-007
  4.023641235020147E-007  4.023641235007840E-007  4.023641234995598E-007
  4.023641234983483E-007  4.023641234971240E-007  4.023641234958998E-007
  4.023641234946679E-007  4.023641234934460E-007  4.023641234922217E-007
  1.362551236431409E-006  4.023641235148302E-007  4.023641235187728E-007
  4.023641235227174E-007  4.023641235266597E-007  4.023641235306059E-007
  4.023641235345457E-007  4.023641235384840E-007  4.023641235424276E-007
  4.023641235463818E-007  4.023641235503242E-007  4.023641235542701E-007
  4.023641235582061E-007  4.023641235621497E-007  4.023641235660910E-007
  1.362551236430791E-006  4.023641235100885E-007  4.023641235103503E-007
  4.023641235106138E-007  4.023641235108748E-007  4.023641235111402E-007
  4.023641235114009E-007  4.023641235116567E-007  4.023641235119178E-007
  4.023641235121941E-007  4.023641235124563E-007  4.023641235127186E-007
  4.023641235129756E-007  4.023641235132377E-007  4.023641235135000E-007
  1.362551236430618E-006  4.023641235088116E-007  4.023641235080841E-007
  4.023641235073585E-007  4.023641235066294E-007  4.023641235059049E-007
  4.023641235051762E-007  4.023641235044437E-007  4.023641235037154E-007
  4.023641235030010E-007  4.023641235022738E-007  4.023641235015467E-007
  4.023641235008120E-007  4.023641235000848E-007  4.023641234993598E-007
  1.362551236430904E-006  4.023641235127581E-007  4.023641235151485E-007
  4.023641235175410E-007  4.023641235199294E-007  4.023641235223235E-007
  4.023641235247123E-007  4.023641235270963E-007  4.023641235294889E-007
  4.023641235318909E-007  4.023641235342835E-007  4.023641235366739E-007
  4.023641235390567E-007  4.023641235414493E-007  4.023641235438373E-007
  1.362551236430279E-006  4.023641235063105E-007  4.023641235036447E-007
  4.023641235009815E-007  4.023641234983143E-007  4.023641234956504E-007
  4.023641234929835E-007  4.023641234903118E-007  4.023641234876453E-007
  4.023641234849938E-007  4.023641234823285E-007  4.023641234796631E-007
  4.023641234769902E-007  4.023641234743249E-007  4.023641234716595E-007
  1.362551236430600E-006  4.023641235086028E-007  4.023641235077106E-007
  4.023641235068209E-007  4.023641235059283E-007  4.023641235050403E-007
  4.023641235041447E-007  4.023641235032464E-007  4.023641235023557E-007
  4.023641235014778E-007  4.023641235005849E-007  4.023641234996942E-007
  4.023641234987959E-007  4.023641234979052E-007  4.023641234970145E-007
  1.362551236430894E-006  4.023641235108328E-007  4.023641235116703E-007
  4.023641235125109E-007  4.023641235133480E-007  4.023641235141895E-007
  4.023641235150265E-007  4.023641235158583E-007  4.023641235166979E-007
  4.023641235175480E-007  4.023641235183853E-007  4.023641235192248E-007
  4.023641235200568E-007  4.023641235208962E-007  4.023641235217357E-007
  1.362551236432119E-006  4.023641235201594E-007  4.023641235282352E-007
  4.023641235363135E-007  4.023641235443885E-007  4.023641235524681E-007
  4.023641235605401E-007  4.023641235686106E-007  4.023641235766875E-007
  4.023641235847773E-007  4.023641235928542E-007  4.023641236009312E-007
  4.023641236089983E-007  4.023641236170775E-007  4.023641236251544E-007
  1.362551236430555E-006  4.023641235083345E-007  4.023641235072364E-007
  4.023641235061406E-007  4.023641235050423E-007  4.023641235039480E-007
  4.023641235028478E-007  4.023641235017450E-007  4.023641235006475E-007
  4.023641234995629E-007  4.023641234984630E-007  4.023641234973678E-007
  4.023641234962651E-007  4.023641234951676E-007  4.023641234940678E-007
  1.362551236430856E-006  4.023641235140046E-007  4.023641235174129E-007
  4.023641235208225E-007  4.023641235242298E-007  4.023641235276433E-007
  4.023641235310481E-007  4.023641235344504E-007  4.023641235378590E-007
  4.023641235412805E-007  4.023641235446913E-007  4.023641235480966E-007
  4.023641235514987E-007  4.023641235549085E-007  4.023641235583182E-007
  1.362551236432074E-006  4.023641235165344E-007  4.023641235216944E-007
  4.023641235268564E-007  4.023641235320160E-007  4.023641235371791E-007
  4.023641235423374E-007  4.023641235474920E-007  4.023641235526530E-007
  4.023641235578256E-007  4.023641235629855E-007  4.023641235681476E-007
  4.023641235732998E-007  4.023641235784620E-007  4.023641235836241E-007
  4.614093959731443E-006  1.362551236430696E-006  1.362551236430640E-006
  1.362551236430596E-006  1.362551236430536E-006  1.362551236430497E-006
  1.362551236430432E-006  1.362551236430359E-006  1.362551236430311E-006
  1.362551236430296E-006  1.362551236430247E-006  1.362551236430190E-006
  1.362551236430122E-006  1.362551236430069E-006  1.362551236430025E-006
  1.362551236430765E-006  4.023641235100000E-007  4.023641235101961E-007
  4.023641235103947E-007  4.023641235105906E-007  4.023641235107901E-007
  4.023641235109843E-007  4.023641235111746E-007  4.023641235113726E-007
  4.023641235115823E-007  4.023641235117790E-007  4.023641235119747E-007
  4.023641235121674E-007  4.023641235123630E-007  4.023641235125610E-007
  1.362551236430647E-006  4.023641235091136E-007  4.023641235086219E-007
  4.023641235081327E-007  4.023641235076409E-007  4.023641235071532E-007
  4.023641235066602E-007  4.023641235061634E-007  4.023641235056719E-007
  4.023641235051931E-007  4.023641235047040E-007  4.023641235042103E-007
  4.023641235037179E-007  4.023641235032265E-007  4.023641235027350E-007
  1.362551236430649E-006  4.023641235091019E-007  4.023641235086015E-007
  4.023641235081024E-007  4.023641235076021E-007  4.023641235071040E-007
  4.023641235066007E-007  4.023641235060958E-007  4.023641235055952E-007
  4.023641235051073E-007  4.023641235046089E-007  4.023641235041082E-007
  4.023641235036022E-007  4.023641235031016E-007  4.023641235026008E-007
  1.362551236430642E-006  4.023641235090753E-007  4.023641235085548E-007
  4.023641235080358E-007  4.023641235075148E-007  4.023641235069988E-007
  4.023641235064753E-007  4.023641235059491E-007  4.023641235054294E-007
  4.023641235049203E-007  4.023641235043994E-007  4.023641235038819E-007
  4.023641235033547E-007  4.023641235028350E-007  4.023641235023152E-007
  1.362551236431344E-006  4.023641235126866E-007  4.023641235149141E-007
  4.023641235171437E-007  4.023641235193694E-007  4.023641235216020E-007
  4.023641235238281E-007  4.023641235260494E-007  4.023641235282758E-007
  4.023641235305186E-007  4.023641235327473E-007  4.023641235349727E-007
  4.023641235371951E-007  4.023641235394250E-007  4.023641235416527E-007
  1.362551236430178E-006  4.023641235072353E-007  4.023641235053404E-007
  4.023641235034469E-007  4.023641235015512E-007  4.023641234996590E-007
  4.023641234977614E-007  4.023641234958601E-007  4.023641234939664E-007
  4.023641234920844E-007  4.023641234901894E-007  4.023641234882935E-007
  4.023641234863922E-007  4.023641234844984E-007  4.023641234826025E-007
  1.362551236430863E-006  4.023641235108295E-007  4.023641235116728E-007
  4.023641235125179E-007  4.023641235133602E-007  4.023641235142060E-007
  4.023641235150488E-007  4.023641235158856E-007  4.023641235167298E-007
  4.023641235175835E-007  4.023641235184289E-007  4.023641235192733E-007
  4.023641235201099E-007  4.023641235209519E-007  4.023641235217985E-007
  1.362551236430629E-006  4.023641235090500E-007  4.023641235085116E-007
  4.023641235079758E-007  4.023641235074382E-007  4.023641235069028E-007
  4.023641235063628E-007  4.023641235058201E-007  4.023641235052826E-007
  4.023641235047580E-007  4.023641235042183E-007  4.023641235036809E-007
  4.023641235031405E-007  4.023641235026007E-007  4.023641235020655E-007
  1.362551236430879E-006  4.023641235107972E-007  4.023641235116103E-007
  4.023641235124253E-007  4.023641235132374E-007  4.023641235140541E-007
  4.023641235148660E-007  4.023641235156719E-007  4.023641235164865E-007
  4.023641235173128E-007  4.023641235181262E-007  4.023641235189396E-007
  4.023641235197479E-007  4.023641235205613E-007  4.023641235213748E-007
  1.362551236431108E-006  4.023641235125377E-007  4.023641235147014E-007
  4.023641235168673E-007  4.023641235190306E-007  4.023641235211980E-007
  4.023641235233595E-007  4.023641235255184E-007  4.023641235276826E-007
  4.023641235298585E-007  4.023641235320226E-007  4.023641235341891E-007
  4.023641235363480E-007  4.023641235385121E-007  4.023641235406741E-007
  1.362551236430411E-006  4.023641235072374E-007  4.023641235052877E-007
  4.023641235033406E-007  4.023641235013914E-007  4.023641234994445E-007
  4.023641234974929E-007  4.023641234955375E-007  4.023641234935907E-007
  4.023641234916524E-007  4.023641234897056E-007  4.023641234877554E-007
  4.023641234858023E-007  4.023641234838544E-007  4.023641234819020E-007
  1.362551236430626E-006  4.023641235089508E-007  4.023641235083337E-007
  4.023641235077186E-007  4.023641235071007E-007  4.023641235064856E-007
  4.023641235058673E-007  4.023641235052431E-007  4.023641235046276E-007
  4.023641235040227E-007  4.023641235034072E-007  4.023641235027917E-007
  4.023641235021664E-007  4.023641235015486E-007  4.023641235009331E-007
  1.362551236430862E-006  4.023641235107469E-007  4.023641235115236E-007
  4.023641235123013E-007  4.023641235130776E-007  4.023641235138585E-007
  4.023641235146306E-007  4.023641235154023E-007  4.023641235161804E-007
  4.023641235169692E-007  4.023641235177463E-007  4.023641235185210E-007
  4.023641235192928E-007  4.023641235200721E-007  4.023641235208492E-007
  1.362551236431091E-006  4.023641235124614E-007  4.023641235145672E-007
  4.023641235166759E-007  4.023641235187811E-007  4.023641235208908E-007
  4.023641235229941E-007  4.023641235250948E-007  4.023641235272019E-007
  4.023641235293219E-007  4.023641235314267E-007  4.023641235335349E-007
  4.023641235356356E-007  4.023641235377438E-007  4.023641235398475E-007
  4.614093959731472E-006  1.362551236430810E-006  1.362551236430840E-006
  1.362551236430878E-006  1.362551236430906E-006  1.362551236430953E-006
  1.362551236430969E-006  1.362551236430984E-006  1.362551236431019E-006
  1.362551236431092E-006  1.362551236431132E-006  1.362551236431158E-006
  1.362551236431173E-006  1.362551236431208E-006  1.362551236431242E-006
  1.362551236430881E-006  4.023641235104568E-007  4.023641235109948E-007
  4.023641235115350E-007  4.023641235120723E-007  4.023641235126131E-007
  4.023641235131486E-007  4.023641235136814E-007  4.023641235142206E-007
  4.023641235147716E-007  4.023641235153085E-007  4.023641235158488E-007
  4.023641235163794E-007  4.023641235169198E-007  4.023641235174579E-007
  1.362551236430647E-006  4.023641235091132E-007  4.023641235086219E-007
  4.023641235081327E-007  4.023641235076404E-007  4.023641235071543E-007
  4.023641235066602E-007  4.023641235061646E-007  4.023641235056730E-007
  4.023641235051931E-007  4.023641235047040E-007  4.023641235042125E-007
  4.023641235037157E-007  4.023641235032242E-007  4.023641235027350E-007
  1.362551236430649E-006  4.023641235082564E-007  4.023641235070733E-007
  4.023641235058918E-007  4.023641235047080E-007  4.023641235035291E-007
  4.023641235023424E-007  4.023641235011528E-007  4.023641234999708E-007
  4.023641234988005E-007  4.023641234976174E-007  4.023641234964343E-007
  4.023641234952482E-007  4.023641234940651E-007  4.023641234928821E-007
  1.362551236430642E-006  4.023641235090754E-007  4.023641235085548E-007
  4.023641235080364E-007  4.023641235075148E-007  4.023641235069988E-007
  4.023641235064753E-007  4.023641235059491E-007  4.023641235054294E-007
  4.023641235049214E-007  4.023641235044039E-007  4.023641235038819E-007
  4.023641235033547E-007  4.023641235028350E-007  4.023641235023152E-007
  1.362551236431344E-006  4.023641235126870E-007  4.023641235149149E-007
  4.023641235171448E-007  4.023641235193713E-007  4.023641235216029E-007
  4.023641235238280E-007  4.023641235260517E-007  4.023641235282795E-007
  4.023641235305202E-007  4.023641235327491E-007  4.023641235349769E-007
  4.023641235372017E-007  4.023641235394295E-007  4.023641235416574E-007
  1.362551236430641E-006  4.023641235090644E-007  4.023641235085355E-007
  4.023641235080091E-007  4.023641235074788E-007  4.023641235069541E-007
  4.023641235064219E-007  4.023641235058872E-007  4.023641235053610E-007
  4.023641235048432E-007  4.023641235043158E-007  4.023641235037874E-007
  4.023641235032515E-007  4.023641235027253E-007  4.023641235021946E-007
  1.362551236430400E-006  4.023641235073092E-007  4.023641235054197E-007
  4.023641235035334E-007  4.023641235016431E-007  4.023641234997592E-007
  4.023641234978671E-007  4.023641234959723E-007  4.023641234940840E-007
  4.023641234922086E-007  4.023641234903202E-007  4.023641234884320E-007
  4.023641234865383E-007  4.023641234846500E-007  4.023641234827616E-007
  1.362551236430629E-006  4.023641235090496E-007  4.023641235085113E-007
  4.023641235079758E-007  4.023641235074363E-007  4.023641235069019E-007
  4.023641235063617E-007  4.023641235058155E-007  4.023641235052801E-007
  4.023641235047543E-007  4.023641235042166E-007  4.023641235036790E-007
  4.023641235031338E-007  4.023641235025986E-007  4.023641235020609E-007
  1.362551236430878E-006  4.023641235107973E-007  4.023641235116103E-007
  4.023641235124253E-007  4.023641235132380E-007  4.023641235140541E-007
  4.023641235148638E-007  4.023641235156719E-007  4.023641235164876E-007
  4.023641235173116E-007  4.023641235181240E-007  4.023641235189397E-007
  4.023641235197479E-007  4.023641235205636E-007  4.023641235213748E-007
  1.362551236431108E-006  4.023641235125377E-007  4.023641235147017E-007
  4.023641235168666E-007  4.023641235190301E-007  4.023641235211980E-007
  4.023641235233595E-007  4.023641235255162E-007  4.023641235276814E-007
  4.023641235298596E-007  4.023641235320226E-007  4.023641235341868E-007
  4.023641235363457E-007  4.023641235385099E-007  4.023641235406763E-007
  1.362551236429486E-006  4.023641235001965E-007  4.023641234927834E-007
  4.023641234853721E-007  4.023641234779580E-007  4.023641234705482E-007
  4.023641234631327E-007  4.023641234557145E-007  4.023641234483028E-007
  4.023641234409016E-007  4.023641234334898E-007  4.023641234260770E-007
  4.023641234186587E-007  4.023641234112459E-007  4.023641234038329E-007
  1.362551236430626E-006  4.023641235055662E-007  4.023641235022166E-007
  4.023641234988691E-007  4.023641234955183E-007  4.023641234921716E-007
  4.023641234888196E-007  4.023641234854648E-007  4.023641234821155E-007
  4.023641234787788E-007  4.023641234754306E-007  4.023641234720800E-007
  4.023641234687242E-007  4.023641234653783E-007  4.023641234620277E-007
  1.362551236430862E-006  4.023641235107464E-007  4.023641235115226E-007
  4.023641235123008E-007  4.023641235130758E-007  4.023641235138542E-007
  4.023641235146295E-007  4.023641235154000E-007  4.023641235161768E-007
  4.023641235169654E-007  4.023641235177423E-007  4.023641235185169E-007
  4.023641235192907E-007  4.023641235200676E-007  4.023641235208422E-007
  1.362551236430166E-006  4.023641235020354E-007  4.023641234959451E-007
  4.023641234898561E-007  4.023641234837651E-007  4.023641234776774E-007
  4.023641234715851E-007  4.023641234654901E-007  4.023641234594003E-007
  4.023641234533212E-007  4.023641234472326E-007  4.023641234411429E-007
  4.023641234350479E-007  4.023641234289558E-007  4.023641234228685E-007
  4.614093959731519E-006  1.362551236430739E-006  1.362551236430703E-006
  1.362551236430671E-006  1.362551236430633E-006  1.362551236430610E-006
  1.362551236430560E-006  1.362551236430506E-006  1.362551236430470E-006
  1.362551236430478E-006  1.362551236430442E-006  1.362551236430416E-006
  1.362551236430366E-006  1.362551236430322E-006  1.362551236430286E-006
  1.362551236430748E-006  4.023641235097919E-007  4.023641235098246E-007
  4.023641235098599E-007  4.023641235098910E-007  4.023641235099273E-007
  4.023641235099582E-007  4.023641235099854E-007  4.023641235100191E-007
  4.023641235100644E-007  4.023641235100980E-007  4.023641235101305E-007
  4.023641235101576E-007  4.023641235101902E-007  4.023641235102272E-007
  1.362551236430813E-006  4.023641235103058E-007  4.023641235107377E-007
  4.023641235111721E-007  4.023641235116022E-007  4.023641235120385E-007
  4.023641235124679E-007  4.023641235128946E-007  4.023641235133266E-007
  4.023641235137714E-007  4.023641235142023E-007  4.023641235146377E-007
  4.023641235150655E-007  4.023641235154963E-007  4.023641235159294E-007
  1.362551236430651E-006  4.023641235073594E-007  4.023641235054516E-007
  4.023641235035452E-007  4.023641235016365E-007  4.023641234997327E-007
  4.023641234978222E-007  4.023641234959090E-007  4.023641234940021E-007
  4.023641234921058E-007  4.023641234901989E-007  4.023641234882943E-007
  4.023641234863776E-007  4.023641234844685E-007  4.023641234825640E-007
  1.362551236430946E-006  4.023641235113097E-007  4.023641235125203E-007
  4.023641235137329E-007  4.023641235149426E-007  4.023641235161556E-007
  4.023641235173651E-007  4.023641235185697E-007  4.023641235197818E-007
  4.023641235210044E-007  4.023641235222155E-007  4.023641235234288E-007
  4.023641235246346E-007  4.023641235258455E-007  4.023641235270542E-007
  1.362551236430791E-006  4.023641235117803E-007  4.023641235134078E-007
  4.023641235150377E-007  4.023641235166655E-007  4.023641235182962E-007
  4.023641235199209E-007  4.023641235215453E-007  4.023641235231727E-007
  4.023641235248130E-007  4.023641235264449E-007  4.023641235280700E-007
  4.023641235296944E-007  4.023641235313219E-007  4.023641235329515E-007
  1.362551236430155E-006  4.023641235069828E-007  4.023641235048892E-007
  4.023641235027979E-007  4.023641235007026E-007  4.023641234986129E-007
  4.023641234965178E-007  4.023641234944169E-007  4.023641234923245E-007
  4.023641234902427E-007  4.023641234881493E-007  4.023641234860592E-007
  4.023641234839571E-007  4.023641234818647E-007  4.023641234797723E-007
  1.362551236430904E-006  4.023641235110671E-007  4.023641235120919E-007
  4.023641235131198E-007  4.023641235141429E-007  4.023641235151705E-007
  4.023641235161944E-007  4.023641235172135E-007  4.023641235182402E-007
  4.023641235192774E-007  4.023641235203029E-007  4.023641235213284E-007
  4.023641235223464E-007  4.023641235233719E-007  4.023641235243974E-007
  1.362551236429354E-006  4.023641235026535E-007  4.023641234972553E-007
  4.023641234918597E-007  4.023641234864600E-007  4.023641234810663E-007
  4.023641234756646E-007  4.023641234702614E-007  4.023641234648645E-007
  4.023641234594794E-007  4.023641234540814E-007  4.023641234486812E-007
  4.023641234432803E-007  4.023641234378823E-007  4.023641234324866E-007
  1.362551236430600E-006  4.023641235052179E-007  4.023641235015932E-007
  4.023641234979702E-007  4.023641234943447E-007  4.023641234907232E-007
  4.023641234870969E-007  4.023641234834657E-007  4.023641234798420E-007
  4.023641234762290E-007  4.023641234726020E-007  4.023641234689806E-007
  4.023641234653495E-007  4.023641234617259E-007  4.023641234581021E-007
  1.362551236430894E-006  4.023641235108325E-007  4.023641235116706E-007
  4.023641235125115E-007  4.023641235133479E-007  4.023641235141895E-007
  4.023641235150252E-007  4.023641235158572E-007  4.023641235166967E-007
  4.023641235175480E-007  4.023641235183875E-007  4.023641235192247E-007
  4.023641235200589E-007  4.023641235208962E-007  4.023641235217380E-007
  1.362551236431194E-006  4.023641235165023E-007  4.023641235218455E-007
  4.023641235271918E-007  4.023641235325348E-007  4.023641235378817E-007
  4.023641235432223E-007  4.023641235485625E-007  4.023641235539068E-007
  4.023641235592628E-007  4.023641235646072E-007  4.023641235699538E-007
  4.023641235752906E-007  4.023641235806372E-007  4.023641235859792E-007
  1.362551236430555E-006  4.023641235083345E-007  4.023641235072366E-007
  4.023641235061405E-007  4.023641235050423E-007  4.023641235039492E-007
  4.023641235028479E-007  4.023641235017439E-007  4.023641235006464E-007
  4.023641234995618E-007  4.023641234984653E-007  4.023641234973656E-007
  4.023641234962651E-007  4.023641234951653E-007  4.023641234940678E-007
  1.362551236430856E-006  4.023641235072363E-007  4.023641235051806E-007
  4.023641235031261E-007  4.023641235010688E-007  4.023641234990172E-007
  4.023641234969590E-007  4.023641234948972E-007  4.023641234928418E-007
  4.023641234907992E-007  4.023641234887460E-007  4.023641234866861E-007
  4.023641234846253E-007  4.023641234825722E-007  4.023641234805144E-007
  1.362551236429298E-006  4.023641235089467E-007  4.023641235086420E-007
  4.023641235083402E-007  4.023641235080353E-007  4.023641235077342E-007
  4.023641235074274E-007  4.023641235071190E-007  4.023641235068149E-007
  4.023641235065246E-007  4.023641235062192E-007  4.023641235059184E-007
  4.023641235056078E-007  4.023641235053024E-007  4.023641235049994E-007
