  0.000000000000000E+000 -4.270268246252482E-031 -4.270268246252478E-031
 -4.270268246252488E-031 -4.270268246252496E-031 -4.270268246252478E-031
 -4.270268246252496E-031 -4.270268246252528E-031 -4.270268246252528E-031
 -4.270268246252496E-031 -4.270268246252496E-031 -4.270268246252496E-031
 -4.270268246252496E-031 -4.270268246252496E-031 -4.270268246252496E-031
  0.000000000000000E+000 -1.791801350886028E-031 -1.791801350886027E-031
 -1.791801350886030E-031 -1.791801350886033E-031 -1.791801350886027E-031
 -1.791801350886033E-031 -1.791801350886046E-031 -1.791801350886046E-031
 -1.791801350886033E-031 -1.791801350886033E-031 -1.791801350886033E-031
 -1.791801350886033E-031 -1.791801350886033E-031 -1.791801350886033E-031
  0.000000000000000E+000 -2.469062422634342E-031 -2.469062422634339E-031
 -2.469062422634344E-031 -2.469062422634348E-031 -2.469062422634339E-031
 -2.469062422634348E-031 -2.469062422634367E-031 -2.469062422634367E-031
 -2.469062422634349E-031 -2.469062422634349E-031 -2.469062422634349E-031
 -2.469062422634348E-031 -2.469062422634348E-031 -2.469062422634348E-031
  0.000000000000000E+000 -1.114540279137713E-031 -1.114540279137712E-031
 -1.114540279137714E-031 -1.114540279137716E-031 -1.114540279137712E-031
 -1.114540279137716E-031 -1.114540279137725E-031 -1.114540279137725E-031
 -1.114540279137716E-031 -1.114540279137716E-031 -1.114540279137716E-031
 -1.114540279137716E-031 -1.114540279137716E-031 -1.114540279137716E-031
  0.000000000000000E+000  0.000000000000000E+000  0.000000000000000E+000
  0.000000000000000E+000  0.000000000000000E+000  0.000000000000000E+000
  0.000000000000000E+000  0.000000000000000E+000  0.000000000000000E+000
  0.000000000000000E+000  0.000000000000000E+000  0.000000000000000E+000
  0.000000000000000E+000  0.000000000000000E+000  0.000000000000000E+000
  0.000000000000000E+000  2.469062422634342E-031  2.469062422634340E-031
  2.469062422634344E-031  2.469062422634349E-031  2.469062422634339E-031
  2.469062422634349E-031  2.469062422634367E-031  2.469062422634367E-031
  2.469062422634349E-031  2.469062422634349E-031  2.469062422634349E-031
  2.469062422634349E-031  2.469062422634349E-031  2.469062422634349E-031
  0.000000000000000E+000  0.000000000000000E+000  0.000000000000000E+000
  0.000000000000000E+000  0.000000000000000E+000  0.000000000000000E+000
  0.000000000000000E+000  0.000000000000000E+000  0.000000000000000E+000
  0.000000000000000E+000  0.000000000000000E+000  0.000000000000000E+000
  0.000000000000000E+000  0.000000000000000E+000  0.000000000000000E+000
  0.000000000000000E+000  5.184746524056837E-031  5.184746524056832E-031
  5.184746524056842E-031  5.184746524056852E-031  5.184746524056832E-031
  5.184746524056852E-031  5.184746524056891E-031  5.184746524056891E-031
  5.184746524056852E-031  5.184746524056852E-031  5.184746524056852E-031
  5.184746524056852E-031  5.184746524056852E-031  5.184746524056852E-031
  0.000000000000000E+000  5.184746524056837E-031  5.184746524056832E-031
  5.184746524056842E-031  5.184746524056852E-031  5.184746524056832E-031
  5.184746524056852E-031  5.184746524056891E-031  5.184746524056891E-031
  5.184746524056852E-031  5.184746524056852E-031  5.184746524056852E-031
  5.184746524056852E-031  5.184746524056852E-031  5.184746524056852E-031
  0.000000000000000E+000 -2.466216787880959E-032 -2.466216787880956E-032
 -2.466216787880962E-032 -2.466216787880967E-032 -2.466216787880957E-032
 -2.466216787880967E-032 -2.466216787880985E-032 -2.466216787880985E-032
 -2.466216787880967E-032 -2.466216787880967E-032 -2.466216787880967E-032
 -2.466216787880967E-032 -2.466216787880967E-032 -2.466216787880967E-032
  0.000000000000000E+000 -2.466216787880959E-032 -2.466216787880956E-032
 -2.466216787880962E-032 -2.466216787880967E-032 -2.466216787880957E-032
 -2.466216787880967E-032 -2.466216787880985E-032 -2.466216787880985E-032
 -2.466216787880967E-032 -2.466216787880967E-032 -2.466216787880967E-032
 -2.466216787880967E-032 -2.466216787880967E-032 -2.466216787880967E-032
  0.000000000000000E+000 -2.466216787880959E-032 -2.466216787880956E-032
 -2.466216787880962E-032 -2.466216787880967E-032 -2.466216787880957E-032
 -2.466216787880967E-032 -2.466216787880985E-032 -2.466216787880985E-032
 -2.466216787880967E-032 -2.466216787880967E-032 -2.466216787880967E-032
 -2.466216787880967E-032 -2.466216787880967E-032 -2.466216787880967E-032
  0.000000000000000E+000  0.000000000000000E+000  0.000000000000000E+000
  0.000000000000000E+000  0.000000000000000E+000  0.000000000000000E+000
  0.000000000000000E+000  0.000000000000000E+000  0.000000000000000E+000
  0.000000000000000E+000  0.000000000000000E+000  0.000000000000000E+000
  0.000000000000000E+000  0.000000000000000E+000  0.000000000000000E+000
  0.000000000000000E+000  0.000000000000000E+000  0.000000000000000E+000
  0.000000000000000E+000  0.000000000000000E+000  0.000000000000000E+000
  0.000000000000000E+000  0.000000000000000E+000  0.000000000000000E+000
  0.000000000000000E+000  0.000000000000000E+000  0.000000000000000E+000
  0.000000000000000E+000  0.000000000000000E+000  0.000000000000000E+000
  0.000000000000000E+000  0.000000000000000E+000  0.000000000000000E+000
  0.000000000000000E+000  0.000000000000000E+000  0.000000000000000E+000
  0.000000000000000E+000  0.000000000000000E+000  0.000000000000000E+000
  0.000000000000000E+000  0.000000000000000E+000  0.000000000000000E+000
  0.000000000000000E+000  0.000000000000000E+000  0.000000000000000E+000
  0.000000000000000E+000 -1.791801350886028E-031 -1.791801350886026E-031
 -1.791801350886030E-031 -1.791801350886033E-031 -1.791801350886026E-031
 -1.791801350886033E-031 -1.791801350886046E-031 -1.791801350886046E-031
 -1.791801350886033E-031 -1.791801350886033E-031 -1.791801350886033E-031
 -1.791801350886033E-031 -1.791801350886033E-031 -1.791801350886033E-031
  0.000000000000000E+000  6.046768951976277E-031  6.046768951976270E-031
  6.046768951976282E-031  6.046768951976293E-031  6.046768951976270E-031
  6.046768951976293E-031  6.046768951976337E-031  6.046768951976337E-031
  6.046768951976293E-031  6.046768951976293E-031  6.046768951976293E-031
  6.046768951976293E-031  6.046768951976293E-031  6.046768951976293E-031
  0.000000000000000E+000 -2.338063622336139E-031 -2.338063622336136E-031
 -2.338063622336140E-031 -2.338063622336146E-031 -2.338063622336136E-031
 -2.338063622336146E-031 -2.338063622336163E-031 -2.338063622336163E-031
 -2.338063622336146E-031 -2.338063622336146E-031 -2.338063622336146E-031
 -2.338063622336146E-031 -2.338063622336146E-031 -2.338063622336146E-031
  0.000000000000000E+000 -1.044370547501067E-032 -1.044370547501065E-032
 -1.044370547501068E-032 -1.044370547501070E-032 -1.044370547501065E-032
 -1.044370547501070E-032 -1.044370547501078E-032 -1.044370547501078E-032
 -1.044370547501070E-032 -1.044370547501070E-032 -1.044370547501070E-032
 -1.044370547501070E-032 -1.044370547501070E-032 -1.044370547501070E-032
  0.000000000000000E+000  1.884265513873636E-031  1.884265513873635E-031
  1.884265513873638E-031  1.884265513873642E-031  1.884265513873635E-031
  1.884265513873642E-031  1.884265513873655E-031  1.884265513873655E-031
  1.884265513873642E-031  1.884265513873642E-031  1.884265513873642E-031
  1.884265513873642E-031  1.884265513873642E-031  1.884265513873642E-031
  0.000000000000000E+000  1.884265513873629E-031  1.884265513873627E-031
  1.884265513873630E-031  1.884265513873635E-031  1.884265513873627E-031
  1.884265513873635E-031  1.884265513873649E-031  1.884265513873649E-031
  1.884265513873635E-031  1.884265513873635E-031  1.884265513873635E-031
  1.884265513873635E-031  1.884265513873635E-031  1.884265513873635E-031
  0.000000000000000E+000  1.884265513873636E-031  1.884265513873635E-031
  1.884265513873638E-031  1.884265513873642E-031  1.884265513873635E-031
  1.884265513873642E-031  1.884265513873655E-031  1.884265513873655E-031
  1.884265513873642E-031  1.884265513873642E-031  1.884265513873642E-031
  1.884265513873642E-031  1.884265513873642E-031  1.884265513873642E-031
  0.000000000000000E+000 -4.389402492333947E-031 -4.389402492333942E-031
 -4.389402492333950E-031 -4.389402492333957E-031 -4.389402492333942E-031
 -4.389402492333957E-031 -4.389402492333990E-031 -4.389402492333990E-031
 -4.389402492333957E-031 -4.389402492333957E-031 -4.389402492333957E-031
 -4.389402492333957E-031 -4.389402492333957E-031 -4.389402492333957E-031
  0.000000000000000E+000 -4.389402492333947E-031 -4.389402492333942E-031
 -4.389402492333950E-031 -4.389402492333957E-031 -4.389402492333942E-031
 -4.389402492333957E-031 -4.389402492333990E-031 -4.389402492333990E-031
 -4.389402492333957E-031 -4.389402492333957E-031 -4.389402492333957E-031
 -4.389402492333957E-031 -4.389402492333957E-031 -4.389402492333957E-031
  0.000000000000000E+000  7.785064283816896E-033  7.785064283816887E-033
  7.785064283816904E-033  7.785064283816916E-033  7.785064283816887E-033
  7.785064283816916E-033  7.785064283816976E-033  7.785064283816976E-033
  7.785064283816915E-033  7.785064283816915E-033  7.785064283816915E-033
  7.785064283816916E-033  7.785064283816916E-033  7.785064283816916E-033
  0.000000000000000E+000  7.785064283816896E-033  7.785064283816887E-033
  7.785064283816904E-033  7.785064283816916E-033  7.785064283816887E-033
  7.785064283816916E-033  7.785064283816976E-033  7.785064283816976E-033
  7.785064283816915E-033  7.785064283816915E-033  7.785064283816915E-033
  7.785064283816916E-033  7.785064283816916E-033  7.785064283816916E-033
  0.000000000000000E+000  7.785064283816896E-033  7.785064283816887E-033
  7.785064283816904E-033  7.785064283816916E-033  7.785064283816887E-033
  7.785064283816916E-033  7.785064283816976E-033  7.785064283816976E-033
  7.785064283816915E-033  7.785064283816915E-033  7.785064283816915E-033
  7.785064283816916E-033  7.785064283816916E-033  7.785064283816916E-033
  0.000000000000000E+000  1.884265513873636E-031  1.884265513873635E-031
  1.884265513873638E-031  1.884265513873642E-031  1.884265513873635E-031
  1.884265513873642E-031  1.884265513873655E-031  1.884265513873655E-031
  1.884265513873642E-031  1.884265513873642E-031  1.884265513873642E-031
  1.884265513873642E-031  1.884265513873642E-031  1.884265513873642E-031
  0.000000000000000E+000  1.884265513873636E-031  1.884265513873635E-031
  1.884265513873638E-031  1.884265513873642E-031  1.884265513873635E-031
  1.884265513873642E-031  1.884265513873655E-031  1.884265513873655E-031
  1.884265513873642E-031  1.884265513873642E-031  1.884265513873642E-031
  1.884265513873642E-031  1.884265513873642E-031  1.884265513873642E-031
  0.000000000000000E+000  1.884265513873636E-031  1.884265513873635E-031
  1.884265513873638E-031  1.884265513873642E-031  1.884265513873635E-031
  1.884265513873642E-031  1.884265513873655E-031  1.884265513873655E-031
  1.884265513873642E-031  1.884265513873642E-031  1.884265513873642E-031
  1.884265513873642E-031  1.884265513873642E-031  1.884265513873642E-031
  0.000000000000000E+000 -2.469062422634342E-031 -2.469062422634339E-031
 -2.469062422634344E-031 -2.469062422634348E-031 -2.469062422634339E-031
 -2.469062422634348E-031 -2.469062422634367E-031 -2.469062422634367E-031
 -2.469062422634348E-031 -2.469062422634348E-031 -2.469062422634348E-031
 -2.469062422634348E-031 -2.469062422634348E-031 -2.469062422634348E-031
  0.000000000000000E+000 -2.338063622336139E-031 -2.338063622336136E-031
 -2.338063622336140E-031 -2.338063622336146E-031 -2.338063622336136E-031
 -2.338063622336146E-031 -2.338063622336163E-031 -2.338063622336163E-031
 -2.338063622336146E-031 -2.338063622336146E-031 -2.338063622336146E-031
 -2.338063622336146E-031 -2.338063622336146E-031 -2.338063622336146E-031
  0.000000000000000E+000  8.098107821974019E-031  8.098107821974012E-031
  8.098107821974028E-031  8.098107821974042E-031  8.098107821974012E-031
  8.098107821974042E-031  8.098107821974105E-031  8.098107821974105E-031
  8.098107821974042E-031  8.098107821974042E-031  8.098107821974042E-031
  8.098107821974042E-031  8.098107821974042E-031  8.098107821974042E-031
  0.000000000000000E+000 -2.215601622854993E-031 -2.215601622854990E-031
 -2.215601622854995E-031 -2.215601622854999E-031 -2.215601622854991E-031
 -2.215601622854999E-031 -2.215601622855016E-031 -2.215601622855016E-031
 -2.215601622854999E-031 -2.215601622854999E-031 -2.215601622854999E-031
 -2.215601622854999E-031 -2.215601622854999E-031 -2.215601622854999E-031
  0.000000000000000E+000  4.058066383352546E-031  4.058066383352543E-031
  4.058066383352550E-031  4.058066383352558E-031  4.058066383352542E-031
  4.058066383352558E-031  4.058066383352589E-031  4.058066383352589E-031
  4.058066383352558E-031  4.058066383352558E-031  4.058066383352558E-031
  4.058066383352558E-031  4.058066383352558E-031  4.058066383352558E-031
  0.000000000000000E+000 -2.268990542312547E-032 -2.268990542312546E-032
 -2.268990542312549E-032 -2.268990542312554E-032 -2.268990542312545E-032
 -2.268990542312554E-032 -2.268990542312571E-032 -2.268990542312571E-032
 -2.268990542312554E-032 -2.268990542312554E-032 -2.268990542312554E-032
 -2.268990542312554E-032 -2.268990542312554E-032 -2.268990542312554E-032
  0.000000000000000E+000  4.058066383352546E-031  4.058066383352543E-031
  4.058066383352550E-031  4.058066383352558E-031  4.058066383352542E-031
  4.058066383352558E-031  4.058066383352589E-031  4.058066383352589E-031
  4.058066383352558E-031  4.058066383352558E-031  4.058066383352558E-031
  4.058066383352558E-031  4.058066383352558E-031  4.058066383352558E-031
  0.000000000000000E+000 -2.215601622855013E-031 -2.215601622855011E-031
 -2.215601622855016E-031 -2.215601622855019E-031 -2.215601622855012E-031
 -2.215601622855019E-031 -2.215601622855036E-031 -2.215601622855036E-031
 -2.215601622855019E-031 -2.215601622855019E-031 -2.215601622855019E-031
 -2.215601622855019E-031 -2.215601622855019E-031 -2.215601622855019E-031
  0.000000000000000E+000 -2.215601622855013E-031 -2.215601622855011E-031
 -2.215601622855016E-031 -2.215601622855019E-031 -2.215601622855012E-031
 -2.215601622855019E-031 -2.215601622855036E-031 -2.215601622855036E-031
 -2.215601622855019E-031 -2.215601622855019E-031 -2.215601622855019E-031
 -2.215601622855019E-031 -2.215601622855019E-031 -2.215601622855019E-031
  0.000000000000000E+000 -4.022016493890463E-031 -4.022016493890458E-031
 -4.022016493890465E-031 -4.022016493890472E-031 -4.022016493890458E-031
 -4.022016493890472E-031 -4.022016493890504E-031 -4.022016493890504E-031
 -4.022016493890473E-031 -4.022016493890473E-031 -4.022016493890473E-031
 -4.022016493890472E-031 -4.022016493890472E-031 -4.022016493890472E-031
  0.000000000000000E+000 -4.022016493890463E-031 -4.022016493890458E-031
 -4.022016493890465E-031 -4.022016493890472E-031 -4.022016493890458E-031
 -4.022016493890472E-031 -4.022016493890504E-031 -4.022016493890504E-031
 -4.022016493890473E-031 -4.022016493890473E-031 -4.022016493890473E-031
 -4.022016493890472E-031 -4.022016493890472E-031 -4.022016493890472E-031
  0.000000000000000E+000 -4.022016493890463E-031 -4.022016493890458E-031
 -4.022016493890465E-031 -4.022016493890472E-031 -4.022016493890458E-031
 -4.022016493890472E-031 -4.022016493890504E-031 -4.022016493890504E-031
 -4.022016493890473E-031 -4.022016493890473E-031 -4.022016493890473E-031
 -4.022016493890472E-031 -4.022016493890472E-031 -4.022016493890472E-031
  0.000000000000000E+000  4.058066383352546E-031  4.058066383352543E-031
  4.058066383352550E-031  4.058066383352558E-031  4.058066383352542E-031
  4.058066383352558E-031  4.058066383352589E-031  4.058066383352589E-031
  4.058066383352558E-031  4.058066383352558E-031  4.058066383352558E-031
  4.058066383352558E-031  4.058066383352558E-031  4.058066383352558E-031
  0.000000000000000E+000  4.058066383352546E-031  4.058066383352543E-031
  4.058066383352550E-031  4.058066383352558E-031  4.058066383352542E-031
  4.058066383352558E-031  4.058066383352589E-031  4.058066383352589E-031
  4.058066383352558E-031  4.058066383352558E-031  4.058066383352558E-031
  4.058066383352558E-031  4.058066383352558E-031  4.058066383352558E-031
  0.000000000000000E+000  4.058066383352546E-031  4.058066383352543E-031
  4.058066383352550E-031  4.058066383352558E-031  4.058066383352542E-031
  4.058066383352558E-031  4.058066383352589E-031  4.058066383352589E-031
  4.058066383352558E-031  4.058066383352558E-031  4.058066383352558E-031
  4.058066383352558E-031  4.058066383352558E-031  4.058066383352558E-031
  0.000000000000000E+000 -1.114540279137713E-031 -1.114540279137712E-031
 -1.114540279137714E-031 -1.114540279137716E-031 -1.114540279137712E-031
 -1.114540279137716E-031 -1.114540279137725E-031 -1.114540279137725E-031
 -1.114540279137716E-031 -1.114540279137716E-031 -1.114540279137716E-031
 -1.114540279137716E-031 -1.114540279137716E-031 -1.114540279137716E-031
  0.000000000000000E+000 -1.044370547501067E-032 -1.044370547501065E-032
 -1.044370547501068E-032 -1.044370547501070E-032 -1.044370547501065E-032
 -1.044370547501070E-032 -1.044370547501078E-032 -1.044370547501078E-032
 -1.044370547501070E-032 -1.044370547501070E-032 -1.044370547501070E-032
 -1.044370547501070E-032 -1.044370547501070E-032 -1.044370547501070E-032
  0.000000000000000E+000 -2.215601622854992E-031 -2.215601622854990E-031
 -2.215601622854995E-031 -2.215601622854999E-031 -2.215601622854991E-031
 -2.215601622854999E-031 -2.215601622855016E-031 -2.215601622855016E-031
 -2.215601622854999E-031 -2.215601622854999E-031 -2.215601622854999E-031
 -2.215601622854999E-031 -2.215601622854999E-031 -2.215601622854999E-031
  0.000000000000000E+000 -2.278237924229019E-031 -2.278237924229017E-031
 -2.278237924229021E-031 -2.278237924229025E-031 -2.278237924229017E-031
 -2.278237924229025E-031 -2.278237924229043E-031 -2.278237924229043E-031
 -2.278237924229025E-031 -2.278237924229025E-031 -2.278237924229025E-031
 -2.278237924229025E-031 -2.278237924229025E-031 -2.278237924229025E-031
  0.000000000000000E+000 -4.266940492852768E-031 -4.266940492852764E-031
 -4.266940492852772E-031 -4.266940492852779E-031 -4.266940492852764E-031
 -4.266940492852779E-031 -4.266940492852810E-031 -4.266940492852810E-031
 -4.266940492852779E-031 -4.266940492852779E-031 -4.266940492852779E-031
 -4.266940492852779E-031 -4.266940492852779E-031 -4.266940492852779E-031
  0.000000000000000E+000  2.006727513354780E-031  2.006727513354777E-031
  2.006727513354782E-031  2.006727513354785E-031  2.006727513354777E-031
  2.006727513354785E-031  2.006727513354800E-031  2.006727513354800E-031
  2.006727513354785E-031  2.006727513354785E-031  2.006727513354785E-031
  2.006727513354785E-031  2.006727513354785E-031  2.006727513354785E-031
  0.000000000000000E+000 -4.266940492852768E-031 -4.266940492852764E-031
 -4.266940492852772E-031 -4.266940492852779E-031 -4.266940492852764E-031
 -4.266940492852779E-031 -4.266940492852810E-031 -4.266940492852810E-031
 -4.266940492852779E-031 -4.266940492852779E-031 -4.266940492852779E-031
 -4.266940492852779E-031 -4.266940492852779E-031 -4.266940492852779E-031
  0.000000000000000E+000  2.006727513354802E-031  2.006727513354800E-031
  2.006727513354804E-031  2.006727513354808E-031  2.006727513354800E-031
  2.006727513354808E-031  2.006727513354823E-031  2.006727513354823E-031
  2.006727513354808E-031  2.006727513354808E-031  2.006727513354808E-031
  2.006727513354808E-031  2.006727513354808E-031  2.006727513354808E-031
  0.000000000000000E+000  2.006727513354802E-031  2.006727513354800E-031
  2.006727513354804E-031  2.006727513354808E-031  2.006727513354800E-031
  2.006727513354808E-031  2.006727513354823E-031  2.006727513354823E-031
  2.006727513354808E-031  2.006727513354808E-031  2.006727513354808E-031
  2.006727513354808E-031  2.006727513354808E-031  2.006727513354808E-031
  0.000000000000000E+000  2.003126423193181E-032  2.003126423193179E-032
  2.003126423193183E-032  2.003126423193186E-032  2.003126423193179E-032
  2.003126423193186E-032  2.003126423193202E-032  2.003126423193202E-032
  2.003126423193186E-032  2.003126423193186E-032  2.003126423193186E-032
  2.003126423193186E-032  2.003126423193186E-032  2.003126423193186E-032
  0.000000000000000E+000  2.003126423193181E-032  2.003126423193179E-032
  2.003126423193183E-032  2.003126423193186E-032  2.003126423193179E-032
  2.003126423193186E-032  2.003126423193202E-032  2.003126423193202E-032
  2.003126423193186E-032  2.003126423193186E-032  2.003126423193186E-032
  2.003126423193186E-032  2.003126423193186E-032  2.003126423193186E-032
  0.000000000000000E+000  2.003126423193181E-032  2.003126423193179E-032
  2.003126423193183E-032  2.003126423193186E-032  2.003126423193179E-032
  2.003126423193186E-032  2.003126423193202E-032  2.003126423193202E-032
  2.003126423193186E-032  2.003126423193186E-032  2.003126423193186E-032
  2.003126423193186E-032  2.003126423193186E-032  2.003126423193186E-032
  0.000000000000000E+000 -4.266940492852768E-031 -4.266940492852764E-031
 -4.266940492852772E-031 -4.266940492852779E-031 -4.266940492852764E-031
 -4.266940492852779E-031 -4.266940492852810E-031 -4.266940492852810E-031
 -4.266940492852779E-031 -4.266940492852779E-031 -4.266940492852779E-031
 -4.266940492852779E-031 -4.266940492852779E-031 -4.266940492852779E-031
  0.000000000000000E+000 -4.266940492852768E-031 -4.266940492852764E-031
 -4.266940492852772E-031 -4.266940492852779E-031 -4.266940492852764E-031
 -4.266940492852779E-031 -4.266940492852810E-031 -4.266940492852810E-031
 -4.266940492852779E-031 -4.266940492852779E-031 -4.266940492852779E-031
 -4.266940492852779E-031 -4.266940492852779E-031 -4.266940492852779E-031
  0.000000000000000E+000 -4.266940492852768E-031 -4.266940492852764E-031
 -4.266940492852772E-031 -4.266940492852779E-031 -4.266940492852764E-031
 -4.266940492852779E-031 -4.266940492852810E-031 -4.266940492852810E-031
 -4.266940492852779E-031 -4.266940492852779E-031 -4.266940492852779E-031
 -4.266940492852779E-031 -4.266940492852779E-031 -4.266940492852779E-031
  0.000000000000000E+000  0.000000000000000E+000  0.000000000000000E+000
  0.000000000000000E+000  0.000000000000000E+000  0.000000000000000E+000
  0.000000000000000E+000  0.000000000000000E+000  0.000000000000000E+000
  0.000000000000000E+000  0.000000000000000E+000  0.000000000000000E+000
  0.000000000000000E+000  0.000000000000000E+000  0.000000000000000E+000
  0.000000000000000E+000  1.884265513873636E-031  1.884265513873635E-031
  1.884265513873638E-031  1.884265513873642E-031  1.884265513873635E-031
  1.884265513873642E-031  1.884265513873656E-031  1.884265513873656E-031
  1.884265513873642E-031  1.884265513873642E-031  1.884265513873642E-031
  1.884265513873642E-031  1.884265513873642E-031  1.884265513873642E-031
  0.000000000000000E+000  4.058066383352546E-031  4.058066383352543E-031
  4.058066383352550E-031  4.058066383352558E-031  4.058066383352542E-031
  4.058066383352558E-031  4.058066383352589E-031  4.058066383352589E-031
  4.058066383352557E-031  4.058066383352557E-031  4.058066383352557E-031
  4.058066383352558E-031  4.058066383352558E-031  4.058066383352558E-031
  0.000000000000000E+000 -4.266940492852769E-031 -4.266940492852764E-031
 -4.266940492852771E-031 -4.266940492852781E-031 -4.266940492852764E-031
 -4.266940492852781E-031 -4.266940492852810E-031 -4.266940492852810E-031
 -4.266940492852781E-031 -4.266940492852781E-031 -4.266940492852781E-031
 -4.266940492852781E-031 -4.266940492852781E-031 -4.266940492852781E-031
  0.000000000000000E+000 -4.266940492852775E-031 -4.266940492852772E-031
 -4.266940492852781E-031 -4.266940492852788E-031 -4.266940492852771E-031
 -4.266940492852788E-031 -4.266940492852820E-031 -4.266940492852820E-031
 -4.266940492852788E-031 -4.266940492852788E-031 -4.266940492852788E-031
 -4.266940492852788E-031 -4.266940492852788E-031 -4.266940492852788E-031
  0.000000000000000E+000 -4.266940492852760E-031 -4.266940492852757E-031
 -4.266940492852763E-031 -4.266940492852772E-031 -4.266940492852755E-031
 -4.266940492852772E-031 -4.266940492852803E-031 -4.266940492852803E-031
 -4.266940492852772E-031 -4.266940492852772E-031 -4.266940492852772E-031
 -4.266940492852772E-031 -4.266940492852772E-031 -4.266940492852772E-031
  0.000000000000000E+000 -4.266940492852775E-031 -4.266940492852772E-031
 -4.266940492852781E-031 -4.266940492852788E-031 -4.266940492852771E-031
 -4.266940492852788E-031 -4.266940492852820E-031 -4.266940492852820E-031
 -4.266940492852788E-031 -4.266940492852788E-031 -4.266940492852788E-031
 -4.266940492852788E-031 -4.266940492852788E-031 -4.266940492852788E-031
  0.000000000000000E+000 -4.266940492852807E-031 -4.266940492852803E-031
 -4.266940492852810E-031 -4.266940492852820E-031 -4.266940492852803E-031
 -4.266940492852820E-031 -4.266940492852852E-031 -4.266940492852852E-031
 -4.266940492852821E-031 -4.266940492852821E-031 -4.266940492852821E-031
 -4.266940492852820E-031 -4.266940492852820E-031 -4.266940492852820E-031
  0.000000000000000E+000 -4.266940492852807E-031 -4.266940492852803E-031
 -4.266940492852810E-031 -4.266940492852820E-031 -4.266940492852803E-031
 -4.266940492852820E-031 -4.266940492852852E-031 -4.266940492852852E-031
 -4.266940492852821E-031 -4.266940492852821E-031 -4.266940492852821E-031
 -4.266940492852820E-031 -4.266940492852820E-031 -4.266940492852820E-031
  0.000000000000000E+000  2.003126423193185E-032  2.003126423193183E-032
  2.003126423193186E-032  2.003126423193190E-032  2.003126423193183E-032
  2.003126423193190E-032  2.003126423193205E-032  2.003126423193205E-032
  2.003126423193190E-032  2.003126423193190E-032  2.003126423193190E-032
  2.003126423193190E-032  2.003126423193190E-032  2.003126423193190E-032
  0.000000000000000E+000  2.003126423193185E-032  2.003126423193183E-032
  2.003126423193186E-032  2.003126423193190E-032  2.003126423193183E-032
  2.003126423193190E-032  2.003126423193205E-032  2.003126423193205E-032
  2.003126423193190E-032  2.003126423193190E-032  2.003126423193190E-032
  2.003126423193190E-032  2.003126423193190E-032  2.003126423193190E-032
  0.000000000000000E+000  2.003126423193185E-032  2.003126423193183E-032
  2.003126423193186E-032  2.003126423193190E-032  2.003126423193183E-032
  2.003126423193190E-032  2.003126423193205E-032  2.003126423193205E-032
  2.003126423193190E-032  2.003126423193190E-032  2.003126423193190E-032
  2.003126423193190E-032  2.003126423193190E-032  2.003126423193190E-032
  0.000000000000000E+000 -4.266940492852775E-031 -4.266940492852772E-031
 -4.266940492852781E-031 -4.266940492852788E-031 -4.266940492852771E-031
 -4.266940492852788E-031 -4.266940492852820E-031 -4.266940492852820E-031
 -4.266940492852788E-031 -4.266940492852788E-031 -4.266940492852788E-031
 -4.266940492852788E-031 -4.266940492852788E-031 -4.266940492852788E-031
  0.000000000000000E+000 -4.266940492852775E-031 -4.266940492852772E-031
 -4.266940492852781E-031 -4.266940492852788E-031 -4.266940492852771E-031
 -4.266940492852788E-031 -4.266940492852820E-031 -4.266940492852820E-031
 -4.266940492852788E-031 -4.266940492852788E-031 -4.266940492852788E-031
 -4.266940492852788E-031 -4.266940492852788E-031 -4.266940492852788E-031
  0.000000000000000E+000 -4.266940492852775E-031 -4.266940492852772E-031
 -4.266940492852781E-031 -4.266940492852788E-031 -4.266940492852771E-031
 -4.266940492852788E-031 -4.266940492852820E-031 -4.266940492852820E-031
 -4.266940492852788E-031 -4.266940492852788E-031 -4.266940492852788E-031
 -4.266940492852788E-031 -4.266940492852788E-031 -4.266940492852788E-031
  0.000000000000000E+000  0.000000000000000E+000  0.000000000000000E+000
  0.000000000000000E+000  0.000000000000000E+000  0.000000000000000E+000
  0.000000000000000E+000  0.000000000000000E+000  0.000000000000000E+000
  0.000000000000000E+000  0.000000000000000E+000  0.000000000000000E+000
  0.000000000000000E+000  0.000000000000000E+000  0.000000000000000E+000
  0.000000000000000E+000  1.884265513873636E-031  1.884265513873635E-031
  1.884265513873638E-031  1.884265513873642E-031  1.884265513873635E-031
  1.884265513873642E-031  1.884265513873656E-031  1.884265513873656E-031
  1.884265513873642E-031  1.884265513873642E-031  1.884265513873642E-031
  1.884265513873642E-031  1.884265513873642E-031  1.884265513873642E-031
  0.000000000000000E+000  4.058066383352546E-031  4.058066383352543E-031
  4.058066383352550E-031  4.058066383352558E-031  4.058066383352542E-031
  4.058066383352558E-031  4.058066383352589E-031  4.058066383352589E-031
  4.058066383352557E-031  4.058066383352557E-031  4.058066383352557E-031
  4.058066383352558E-031  4.058066383352558E-031  4.058066383352558E-031
  0.000000000000000E+000 -4.266940492852769E-031 -4.266940492852764E-031
 -4.266940492852771E-031 -4.266940492852781E-031 -4.266940492852764E-031
 -4.266940492852781E-031 -4.266940492852810E-031 -4.266940492852810E-031
 -4.266940492852781E-031 -4.266940492852781E-031 -4.266940492852781E-031
 -4.266940492852781E-031 -4.266940492852781E-031 -4.266940492852781E-031
  0.000000000000000E+000 -4.266940492852775E-031 -4.266940492852772E-031
 -4.266940492852781E-031 -4.266940492852788E-031 -4.266940492852771E-031
 -4.266940492852788E-031 -4.266940492852820E-031 -4.266940492852820E-031
 -4.266940492852788E-031 -4.266940492852788E-031 -4.266940492852788E-031
 -4.266940492852788E-031 -4.266940492852788E-031 -4.266940492852788E-031
  0.000000000000000E+000 -4.266940492852760E-031 -4.266940492852757E-031
 -4.266940492852763E-031 -4.266940492852772E-031 -4.266940492852755E-031
 -4.266940492852772E-031 -4.266940492852803E-031 -4.266940492852803E-031
 -4.266940492852772E-031 -4.266940492852772E-031 -4.266940492852772E-031
 -4.266940492852772E-031 -4.266940492852772E-031 -4.266940492852772E-031
  0.000000000000000E+000 -4.266940492852775E-031 -4.266940492852772E-031
 -4.266940492852781E-031 -4.266940492852788E-031 -4.266940492852771E-031
 -4.266940492852788E-031 -4.266940492852820E-031 -4.266940492852820E-031
 -4.266940492852788E-031 -4.266940492852788E-031 -4.266940492852788E-031
 -4.266940492852788E-031 -4.266940492852788E-031 -4.266940492852788E-031
  0.000000000000000E+000 -4.266940492852807E-031 -4.266940492852803E-031
 -4.266940492852810E-031 -4.266940492852820E-031 -4.266940492852803E-031
 -4.266940492852820E-031 -4.266940492852852E-031 -4.266940492852852E-031
 -4.266940492852821E-031 -4.266940492852821E-031 -4.266940492852821E-031
 -4.266940492852820E-031 -4.266940492852820E-031 -4.266940492852820E-031
  0.000000000000000E+000 -4.266940492852807E-031 -4.266940492852803E-031
 -4.266940492852810E-031 -4.266940492852820E-031 -4.266940492852803E-031
 -4.266940492852820E-031 -4.266940492852852E-031 -4.266940492852852E-031
 -4.266940492852821E-031 -4.266940492852821E-031 -4.266940492852821E-031
 -4.266940492852820E-031 -4.266940492852820E-031 -4.266940492852820E-031
  0.000000000000000E+000  2.003126423193185E-032  2.003126423193183E-032
  2.003126423193186E-032  2.003126423193190E-032  2.003126423193183E-032
  2.003126423193190E-032  2.003126423193205E-032  2.003126423193205E-032
  2.003126423193190E-032  2.003126423193190E-032  2.003126423193190E-032
  2.003126423193190E-032  2.003126423193190E-032  2.003126423193190E-032
  0.000000000000000E+000  2.003126423193185E-032  2.003126423193183E-032
  2.003126423193186E-032  2.003126423193190E-032  2.003126423193183E-032
  2.003126423193190E-032  2.003126423193205E-032  2.003126423193205E-032
  2.003126423193190E-032  2.003126423193190E-032  2.003126423193190E-032
  2.003126423193190E-032  2.003126423193190E-032  2.003126423193190E-032
  0.000000000000000E+000  2.003126423193185E-032  2.003126423193183E-032
  2.003126423193186E-032  2.003126423193190E-032  2.003126423193183E-032
  2.003126423193190E-032  2.003126423193205E-032  2.003126423193205E-032
  2.003126423193190E-032  2.003126423193190E-032  2.003126423193190E-032
  2.003126423193190E-032  2.003126423193190E-032  2.003126423193190E-032
  0.000000000000000E+000 -4.266940492852775E-031 -4.266940492852772E-031
 -4.266940492852781E-031 -4.266940492852788E-031 -4.266940492852771E-031
 -4.266940492852788E-031 -4.266940492852820E-031 -4.266940492852820E-031
 -4.266940492852788E-031 -4.266940492852788E-031 -4.266940492852788E-031
 -4.266940492852788E-031 -4.266940492852788E-031 -4.266940492852788E-031
  0.000000000000000E+000 -4.266940492852775E-031 -4.266940492852772E-031
 -4.266940492852781E-031 -4.266940492852788E-031 -4.266940492852771E-031
 -4.266940492852788E-031 -4.266940492852820E-031 -4.266940492852820E-031
 -4.266940492852788E-031 -4.266940492852788E-031 -4.266940492852788E-031
 -4.266940492852788E-031 -4.266940492852788E-031 -4.266940492852788E-031
  0.000000000000000E+000 -4.266940492852775E-031 -4.266940492852772E-031
 -4.266940492852781E-031 -4.266940492852788E-031 -4.266940492852771E-031
 -4.266940492852788E-031 -4.266940492852820E-031 -4.266940492852820E-031
 -4.266940492852788E-031 -4.266940492852788E-031 -4.266940492852788E-031
 -4.266940492852788E-031 -4.266940492852788E-031 -4.266940492852788E-031
  0.000000000000000E+000  0.000000000000000E+000  0.000000000000000E+000
  0.000000000000000E+000  0.000000000000000E+000  0.000000000000000E+000
  0.000000000000000E+000  0.000000000000000E+000  0.000000000000000E+000
  0.000000000000000E+000  0.000000000000000E+000  0.000000000000000E+000
  0.000000000000000E+000  0.000000000000000E+000  0.000000000000000E+000
  0.000000000000000E+000  1.884265513873636E-031  1.884265513873635E-031
  1.884265513873638E-031  1.884265513873642E-031  1.884265513873635E-031
  1.884265513873642E-031  1.884265513873656E-031  1.884265513873656E-031
  1.884265513873642E-031  1.884265513873642E-031  1.884265513873642E-031
  1.884265513873642E-031  1.884265513873642E-031  1.884265513873642E-031
  0.000000000000000E+000  4.058066383352546E-031  4.058066383352543E-031
  4.058066383352550E-031  4.058066383352558E-031  4.058066383352542E-031
  4.058066383352558E-031  4.058066383352589E-031  4.058066383352589E-031
  4.058066383352557E-031  4.058066383352557E-031  4.058066383352557E-031
  4.058066383352558E-031  4.058066383352558E-031  4.058066383352558E-031
  0.000000000000000E+000 -4.266940492852769E-031 -4.266940492852764E-031
 -4.266940492852771E-031 -4.266940492852781E-031 -4.266940492852764E-031
 -4.266940492852781E-031 -4.266940492852810E-031 -4.266940492852810E-031
 -4.266940492852781E-031 -4.266940492852781E-031 -4.266940492852781E-031
 -4.266940492852781E-031 -4.266940492852781E-031 -4.266940492852781E-031
  0.000000000000000E+000 -4.266940492852775E-031 -4.266940492852772E-031
 -4.266940492852781E-031 -4.266940492852788E-031 -4.266940492852771E-031
 -4.266940492852788E-031 -4.266940492852820E-031 -4.266940492852820E-031
 -4.266940492852788E-031 -4.266940492852788E-031 -4.266940492852788E-031
 -4.266940492852788E-031 -4.266940492852788E-031 -4.266940492852788E-031
  0.000000000000000E+000 -4.266940492852760E-031 -4.266940492852757E-031
 -4.266940492852763E-031 -4.266940492852772E-031 -4.266940492852755E-031
 -4.266940492852772E-031 -4.266940492852803E-031 -4.266940492852803E-031
 -4.266940492852772E-031 -4.266940492852772E-031 -4.266940492852772E-031
 -4.266940492852772E-031 -4.266940492852772E-031 -4.266940492852772E-031
  0.000000000000000E+000 -4.266940492852775E-031 -4.266940492852772E-031
 -4.266940492852781E-031 -4.266940492852788E-031 -4.266940492852771E-031
 -4.266940492852788E-031 -4.266940492852820E-031 -4.266940492852820E-031
 -4.266940492852788E-031 -4.266940492852788E-031 -4.266940492852788E-031
 -4.266940492852788E-031 -4.266940492852788E-031 -4.266940492852788E-031
  0.000000000000000E+000 -4.266940492852807E-031 -4.266940492852803E-031
 -4.266940492852810E-031 -4.266940492852820E-031 -4.266940492852803E-031
 -4.266940492852820E-031 -4.266940492852852E-031 -4.266940492852852E-031
 -4.266940492852821E-031 -4.266940492852821E-031 -4.266940492852821E-031
 -4.266940492852820E-031 -4.266940492852820E-031 -4.266940492852820E-031
  0.000000000000000E+000 -4.266940492852807E-031 -4.266940492852803E-031
 -4.266940492852810E-031 -4.266940492852820E-031 -4.266940492852803E-031
 -4.266940492852820E-031 -4.266940492852852E-031 -4.266940492852852E-031
 -4.266940492852821E-031 -4.266940492852821E-031 -4.266940492852821E-031
 -4.266940492852820E-031 -4.266940492852820E-031 -4.266940492852820E-031
  0.000000000000000E+000  2.003126423193185E-032  2.003126423193183E-032
  2.003126423193186E-032  2.003126423193190E-032  2.003126423193183E-032
  2.003126423193190E-032  2.003126423193205E-032  2.003126423193205E-032
  2.003126423193190E-032  2.003126423193190E-032  2.003126423193190E-032
  2.003126423193190E-032  2.003126423193190E-032  2.003126423193190E-032
  0.000000000000000E+000  2.003126423193185E-032  2.003126423193183E-032
  2.003126423193186E-032  2.003126423193190E-032  2.003126423193183E-032
  2.003126423193190E-032  2.003126423193205E-032  2.003126423193205E-032
  2.003126423193190E-032  2.003126423193190E-032  2.003126423193190E-032
  2.003126423193190E-032  2.003126423193190E-032  2.003126423193190E-032
  0.000000000000000E+000  2.003126423193185E-032  2.003126423193183E-032
  2.003126423193186E-032  2.003126423193190E-032  2.003126423193183E-032
  2.003126423193190E-032  2.003126423193205E-032  2.003126423193205E-032
  2.003126423193190E-032  2.003126423193190E-032  2.003126423193190E-032
  2.003126423193190E-032  2.003126423193190E-032  2.003126423193190E-032
  0.000000000000000E+000 -4.266940492852775E-031 -4.266940492852772E-031
 -4.266940492852781E-031 -4.266940492852788E-031 -4.266940492852771E-031
 -4.266940492852788E-031 -4.266940492852820E-031 -4.266940492852820E-031
 -4.266940492852788E-031 -4.266940492852788E-031 -4.266940492852788E-031
 -4.266940492852788E-031 -4.266940492852788E-031 -4.266940492852788E-031
  0.000000000000000E+000 -4.266940492852775E-031 -4.266940492852772E-031
 -4.266940492852781E-031 -4.266940492852788E-031 -4.266940492852771E-031
 -4.266940492852788E-031 -4.266940492852820E-031 -4.266940492852820E-031
 -4.266940492852788E-031 -4.266940492852788E-031 -4.266940492852788E-031
 -4.266940492852788E-031 -4.266940492852788E-031 -4.266940492852788E-031
  0.000000000000000E+000 -4.266940492852775E-031 -4.266940492852772E-031
 -4.266940492852781E-031 -4.266940492852788E-031 -4.266940492852771E-031
 -4.266940492852788E-031 -4.266940492852820E-031 -4.266940492852820E-031
 -4.266940492852788E-031 -4.266940492852788E-031 -4.266940492852788E-031
 -4.266940492852788E-031 -4.266940492852788E-031 -4.266940492852788E-031
  0.000000000000000E+000  0.000000000000000E+000  0.000000000000000E+000
  0.000000000000000E+000  0.000000000000000E+000  0.000000000000000E+000
  0.000000000000000E+000  0.000000000000000E+000  0.000000000000000E+000
  0.000000000000000E+000  0.000000000000000E+000  0.000000000000000E+000
  0.000000000000000E+000  0.000000000000000E+000  0.000000000000000E+000
  0.000000000000000E+000  1.884265513873636E-031  1.884265513873635E-031
  1.884265513873638E-031  1.884265513873642E-031  1.884265513873635E-031
  1.884265513873642E-031  1.884265513873656E-031  1.884265513873656E-031
  1.884265513873642E-031  1.884265513873642E-031  1.884265513873642E-031
  1.884265513873642E-031  1.884265513873642E-031  1.884265513873642E-031
  0.000000000000000E+000  4.058066383352546E-031  4.058066383352543E-031
  4.058066383352550E-031  4.058066383352558E-031  4.058066383352542E-031
  4.058066383352558E-031  4.058066383352589E-031  4.058066383352589E-031
  4.058066383352557E-031  4.058066383352557E-031  4.058066383352557E-031
  4.058066383352558E-031  4.058066383352558E-031  4.058066383352558E-031
  0.000000000000000E+000 -4.266940492852769E-031 -4.266940492852764E-031
 -4.266940492852771E-031 -4.266940492852781E-031 -4.266940492852764E-031
 -4.266940492852781E-031 -4.266940492852810E-031 -4.266940492852810E-031
 -4.266940492852781E-031 -4.266940492852781E-031 -4.266940492852781E-031
 -4.266940492852781E-031 -4.266940492852781E-031 -4.266940492852781E-031
  0.000000000000000E+000 -4.266940492852775E-031 -4.266940492852772E-031
 -4.266940492852781E-031 -4.266940492852788E-031 -4.266940492852771E-031
 -4.266940492852788E-031 -4.266940492852820E-031 -4.266940492852820E-031
 -4.266940492852788E-031 -4.266940492852788E-031 -4.266940492852788E-031
 -4.266940492852788E-031 -4.266940492852788E-031 -4.266940492852788E-031
  0.000000000000000E+000 -4.266940492852760E-031 -4.266940492852757E-031
 -4.266940492852763E-031 -4.266940492852772E-031 -4.266940492852755E-031
 -4.266940492852772E-031 -4.266940492852803E-031 -4.266940492852803E-031
 -4.266940492852772E-031 -4.266940492852772E-031 -4.266940492852772E-031
 -4.266940492852772E-031 -4.266940492852772E-031 -4.266940492852772E-031
  0.000000000000000E+000 -4.266940492852775E-031 -4.266940492852772E-031
 -4.266940492852781E-031 -4.266940492852788E-031 -4.266940492852771E-031
 -4.266940492852788E-031 -4.266940492852820E-031 -4.266940492852820E-031
 -4.266940492852788E-031 -4.266940492852788E-031 -4.266940492852788E-031
 -4.266940492852788E-031 -4.266940492852788E-031 -4.266940492852788E-031
  0.000000000000000E+000 -4.266940492852807E-031 -4.266940492852803E-031
 -4.266940492852810E-031 -4.266940492852820E-031 -4.266940492852803E-031
 -4.266940492852820E-031 -4.266940492852852E-031 -4.266940492852852E-031
 -4.266940492852821E-031 -4.266940492852821E-031 -4.266940492852821E-031
 -4.266940492852820E-031 -4.266940492852820E-031 -4.266940492852820E-031
  0.000000000000000E+000 -4.266940492852807E-031 -4.266940492852803E-031
 -4.266940492852810E-031 -4.266940492852820E-031 -4.266940492852803E-031
 -4.266940492852820E-031 -4.266940492852852E-031 -4.266940492852852E-031
 -4.266940492852821E-031 -4.266940492852821E-031 -4.266940492852821E-031
 -4.266940492852820E-031 -4.266940492852820E-031 -4.266940492852820E-031
  0.000000000000000E+000  2.003126423193185E-032  2.003126423193183E-032
  2.003126423193186E-032  2.003126423193190E-032  2.003126423193183E-032
  2.003126423193190E-032  2.003126423193205E-032  2.003126423193205E-032
  2.003126423193190E-032  2.003126423193190E-032  2.003126423193190E-032
  2.003126423193190E-032  2.003126423193190E-032  2.003126423193190E-032
  0.000000000000000E+000  2.003126423193185E-032  2.003126423193183E-032
  2.003126423193186E-032  2.003126423193190E-032  2.003126423193183E-032
  2.003126423193190E-032  2.003126423193205E-032  2.003126423193205E-032
  2.003126423193190E-032  2.003126423193190E-032  2.003126423193190E-032
  2.003126423193190E-032  2.003126423193190E-032  2.003126423193190E-032
  0.000000000000000E+000  2.003126423193185E-032  2.003126423193183E-032
  2.003126423193186E-032  2.003126423193190E-032  2.003126423193183E-032
  2.003126423193190E-032  2.003126423193205E-032  2.003126423193205E-032
  2.003126423193190E-032  2.003126423193190E-032  2.003126423193190E-032
  2.003126423193190E-032  2.003126423193190E-032  2.003126423193190E-032
  0.000000000000000E+000 -4.266940492852775E-031 -4.266940492852772E-031
 -4.266940492852781E-031 -4.266940492852788E-031 -4.266940492852771E-031
 -4.266940492852788E-031 -4.266940492852820E-031 -4.266940492852820E-031
 -4.266940492852788E-031 -4.266940492852788E-031 -4.266940492852788E-031
 -4.266940492852788E-031 -4.266940492852788E-031 -4.266940492852788E-031
  0.000000000000000E+000 -4.266940492852775E-031 -4.266940492852772E-031
 -4.266940492852781E-031 -4.266940492852788E-031 -4.266940492852771E-031
 -4.266940492852788E-031 -4.266940492852820E-031 -4.266940492852820E-031
 -4.266940492852788E-031 -4.266940492852788E-031 -4.266940492852788E-031
 -4.266940492852788E-031 -4.266940492852788E-031 -4.266940492852788E-031
  0.000000000000000E+000 -4.266940492852775E-031 -4.266940492852772E-031
 -4.266940492852781E-031 -4.266940492852788E-031 -4.266940492852771E-031
 -4.266940492852788E-031 -4.266940492852820E-031 -4.266940492852820E-031
 -4.266940492852788E-031 -4.266940492852788E-031 -4.266940492852788E-031
 -4.266940492852788E-031 -4.266940492852788E-031 -4.266940492852788E-031
  0.000000000000000E+000  2.466216787880959E-032  2.466216787880956E-032
  2.466216787880961E-032  2.466216787880966E-032  2.466216787880956E-032
  2.466216787880966E-032  2.466216787880984E-032  2.466216787880984E-032
  2.466216787880966E-032  2.466216787880966E-032  2.466216787880966E-032
  2.466216787880966E-032  2.466216787880966E-032  2.466216787880966E-032
  0.000000000000000E+000 -8.856655627505994E-031 -8.856655627505985E-031
 -8.856655627506003E-031 -8.856655627506018E-031 -8.856655627505985E-031
 -8.856655627506018E-031 -8.856655627506087E-031 -8.856655627506087E-031
 -8.856655627506022E-031 -8.856655627506022E-031 -8.856655627506022E-031
 -8.856655627506018E-031 -8.856655627506018E-031 -8.856655627506018E-031
  0.000000000000000E+000 -4.091867518195312E-032 -4.091867518195309E-032
 -4.091867518195316E-032 -4.091867518195324E-032 -4.091867518195309E-032
 -4.091867518195324E-032 -4.091867518195355E-032 -4.091867518195355E-032
 -4.091867518195323E-032 -4.091867518195323E-032 -4.091867518195323E-032
 -4.091867518195324E-032 -4.091867518195324E-032 -4.091867518195324E-032
  0.000000000000000E+000  3.813142384390256E-031  3.813142384390251E-031
  3.813142384390260E-031  3.813142384390267E-031  3.813142384390251E-031
  3.813142384390267E-031  3.813142384390294E-031  3.813142384390294E-031
  3.813142384390267E-031  3.813142384390267E-031  3.813142384390267E-031
  3.813142384390267E-031  3.813142384390267E-031  3.813142384390267E-031
  0.000000000000000E+000  3.813142384390262E-031  3.813142384390260E-031
  3.813142384390267E-031  3.813142384390274E-031  3.813142384390260E-031
  3.813142384390274E-031  3.813142384390303E-031  3.813142384390303E-031
  3.813142384390274E-031  3.813142384390274E-031  3.813142384390274E-031
  3.813142384390274E-031  3.813142384390274E-031  3.813142384390274E-031
  0.000000000000000E+000  3.813142384390248E-031  3.813142384390245E-031
  3.813142384390252E-031  3.813142384390260E-031  3.813142384390245E-031
  3.813142384390260E-031  3.813142384390288E-031  3.813142384390288E-031
  3.813142384390260E-031  3.813142384390260E-031  3.813142384390260E-031
  3.813142384390260E-031  3.813142384390260E-031  3.813142384390260E-031
  0.000000000000000E+000  3.813142384390262E-031  3.813142384390260E-031
  3.813142384390267E-031  3.813142384390274E-031  3.813142384390260E-031
  3.813142384390274E-031  3.813142384390303E-031  3.813142384390303E-031
  3.813142384390274E-031  3.813142384390274E-031  3.813142384390274E-031
  3.813142384390274E-031  3.813142384390274E-031  3.813142384390274E-031
  0.000000000000000E+000 -2.460525621817323E-031 -2.460525621817319E-031
 -2.460525621817324E-031 -2.460525621817329E-031 -2.460525621817319E-031
 -2.460525621817329E-031 -2.460525621817348E-031 -2.460525621817348E-031
 -2.460525621817330E-031 -2.460525621817330E-031 -2.460525621817330E-031
 -2.460525621817329E-031 -2.460525621817329E-031 -2.460525621817329E-031
  0.000000000000000E+000 -2.460525621817323E-031 -2.460525621817319E-031
 -2.460525621817324E-031 -2.460525621817329E-031 -2.460525621817319E-031
 -2.460525621817329E-031 -2.460525621817348E-031 -2.460525621817348E-031
 -2.460525621817330E-031 -2.460525621817330E-031 -2.460525621817330E-031
 -2.460525621817329E-031 -2.460525621817329E-031 -2.460525621817329E-031
  0.000000000000000E+000  2.006727513354791E-031  2.006727513354789E-031
  2.006727513354793E-031  2.006727513354796E-031  2.006727513354789E-031
  2.006727513354796E-031  2.006727513354812E-031  2.006727513354812E-031
  2.006727513354796E-031  2.006727513354796E-031  2.006727513354796E-031
  2.006727513354796E-031  2.006727513354796E-031  2.006727513354796E-031
  0.000000000000000E+000  2.006727513354791E-031  2.006727513354789E-031
  2.006727513354793E-031  2.006727513354796E-031  2.006727513354789E-031
  2.006727513354796E-031  2.006727513354812E-031  2.006727513354812E-031
  2.006727513354796E-031  2.006727513354796E-031  2.006727513354796E-031
  2.006727513354796E-031  2.006727513354796E-031  2.006727513354796E-031
  0.000000000000000E+000  2.006727513354791E-031  2.006727513354789E-031
  2.006727513354793E-031  2.006727513354796E-031  2.006727513354789E-031
  2.006727513354796E-031  2.006727513354812E-031  2.006727513354812E-031
  2.006727513354796E-031  2.006727513354796E-031  2.006727513354796E-031
  2.006727513354796E-031  2.006727513354796E-031  2.006727513354796E-031
  0.000000000000000E+000  3.813142384390262E-031  3.813142384390260E-031
  3.813142384390267E-031  3.813142384390274E-031  3.813142384390260E-031
  3.813142384390274E-031  3.813142384390303E-031  3.813142384390303E-031
  3.813142384390274E-031  3.813142384390274E-031  3.813142384390274E-031
  3.813142384390274E-031  3.813142384390274E-031  3.813142384390274E-031
  0.000000000000000E+000  3.813142384390262E-031  3.813142384390260E-031
  3.813142384390267E-031  3.813142384390274E-031  3.813142384390260E-031
  3.813142384390274E-031  3.813142384390303E-031  3.813142384390303E-031
  3.813142384390274E-031  3.813142384390274E-031  3.813142384390274E-031
  3.813142384390274E-031  3.813142384390274E-031  3.813142384390274E-031
  0.000000000000000E+000  3.813142384390262E-031  3.813142384390260E-031
  3.813142384390267E-031  3.813142384390274E-031  3.813142384390260E-031
  3.813142384390274E-031  3.813142384390303E-031  3.813142384390303E-031
  3.813142384390274E-031  3.813142384390274E-031  3.813142384390274E-031
  3.813142384390274E-031  3.813142384390274E-031  3.813142384390274E-031
  0.000000000000000E+000  2.466216787880959E-032  2.466216787880956E-032
  2.466216787880961E-032  2.466216787880966E-032  2.466216787880956E-032
  2.466216787880966E-032  2.466216787880984E-032  2.466216787880984E-032
  2.466216787880966E-032  2.466216787880966E-032  2.466216787880966E-032
  2.466216787880966E-032  2.466216787880966E-032  2.466216787880966E-032
  0.000000000000000E+000 -8.856655627505994E-031 -8.856655627505985E-031
 -8.856655627506003E-031 -8.856655627506018E-031 -8.856655627505985E-031
 -8.856655627506018E-031 -8.856655627506087E-031 -8.856655627506087E-031
 -8.856655627506022E-031 -8.856655627506022E-031 -8.856655627506022E-031
 -8.856655627506018E-031 -8.856655627506018E-031 -8.856655627506018E-031
  0.000000000000000E+000 -4.091867518195312E-032 -4.091867518195309E-032
 -4.091867518195316E-032 -4.091867518195324E-032 -4.091867518195309E-032
 -4.091867518195324E-032 -4.091867518195355E-032 -4.091867518195355E-032
 -4.091867518195323E-032 -4.091867518195323E-032 -4.091867518195323E-032
 -4.091867518195324E-032 -4.091867518195324E-032 -4.091867518195324E-032
  0.000000000000000E+000  3.813142384390256E-031  3.813142384390251E-031
  3.813142384390260E-031  3.813142384390267E-031  3.813142384390251E-031
  3.813142384390267E-031  3.813142384390294E-031  3.813142384390294E-031
  3.813142384390267E-031  3.813142384390267E-031  3.813142384390267E-031
  3.813142384390267E-031  3.813142384390267E-031  3.813142384390267E-031
  0.000000000000000E+000  3.813142384390262E-031  3.813142384390260E-031
  3.813142384390267E-031  3.813142384390274E-031  3.813142384390260E-031
  3.813142384390274E-031  3.813142384390303E-031  3.813142384390303E-031
  3.813142384390274E-031  3.813142384390274E-031  3.813142384390274E-031
  3.813142384390274E-031  3.813142384390274E-031  3.813142384390274E-031
  0.000000000000000E+000  3.813142384390248E-031  3.813142384390245E-031
  3.813142384390252E-031  3.813142384390260E-031  3.813142384390245E-031
  3.813142384390260E-031  3.813142384390288E-031  3.813142384390288E-031
  3.813142384390260E-031  3.813142384390260E-031  3.813142384390260E-031
  3.813142384390260E-031  3.813142384390260E-031  3.813142384390260E-031
  0.000000000000000E+000  3.813142384390262E-031  3.813142384390260E-031
  3.813142384390267E-031  3.813142384390274E-031  3.813142384390260E-031
  3.813142384390274E-031  3.813142384390303E-031  3.813142384390303E-031
  3.813142384390274E-031  3.813142384390274E-031  3.813142384390274E-031
  3.813142384390274E-031  3.813142384390274E-031  3.813142384390274E-031
  0.000000000000000E+000 -2.460525621817323E-031 -2.460525621817319E-031
 -2.460525621817324E-031 -2.460525621817329E-031 -2.460525621817319E-031
 -2.460525621817329E-031 -2.460525621817348E-031 -2.460525621817348E-031
 -2.460525621817330E-031 -2.460525621817330E-031 -2.460525621817330E-031
 -2.460525621817329E-031 -2.460525621817329E-031 -2.460525621817329E-031
  0.000000000000000E+000 -2.460525621817323E-031 -2.460525621817319E-031
 -2.460525621817324E-031 -2.460525621817329E-031 -2.460525621817319E-031
 -2.460525621817329E-031 -2.460525621817348E-031 -2.460525621817348E-031
 -2.460525621817330E-031 -2.460525621817330E-031 -2.460525621817330E-031
 -2.460525621817329E-031 -2.460525621817329E-031 -2.460525621817329E-031
  0.000000000000000E+000  2.006727513354791E-031  2.006727513354789E-031
  2.006727513354793E-031  2.006727513354796E-031  2.006727513354789E-031
  2.006727513354796E-031  2.006727513354812E-031  2.006727513354812E-031
  2.006727513354796E-031  2.006727513354796E-031  2.006727513354796E-031
  2.006727513354796E-031  2.006727513354796E-031  2.006727513354796E-031
  0.000000000000000E+000  2.006727513354791E-031  2.006727513354789E-031
  2.006727513354793E-031  2.006727513354796E-031  2.006727513354789E-031
  2.006727513354796E-031  2.006727513354812E-031  2.006727513354812E-031
  2.006727513354796E-031  2.006727513354796E-031  2.006727513354796E-031
  2.006727513354796E-031  2.006727513354796E-031  2.006727513354796E-031
  0.000000000000000E+000  2.006727513354791E-031  2.006727513354789E-031
  2.006727513354793E-031  2.006727513354796E-031  2.006727513354789E-031
  2.006727513354796E-031  2.006727513354812E-031  2.006727513354812E-031
  2.006727513354796E-031  2.006727513354796E-031  2.006727513354796E-031
  2.006727513354796E-031  2.006727513354796E-031  2.006727513354796E-031
  0.000000000000000E+000  3.813142384390262E-031  3.813142384390260E-031
  3.813142384390267E-031  3.813142384390274E-031  3.813142384390260E-031
  3.813142384390274E-031  3.813142384390303E-031  3.813142384390303E-031
  3.813142384390274E-031  3.813142384390274E-031  3.813142384390274E-031
  3.813142384390274E-031  3.813142384390274E-031  3.813142384390274E-031
  0.000000000000000E+000  3.813142384390262E-031  3.813142384390260E-031
  3.813142384390267E-031  3.813142384390274E-031  3.813142384390260E-031
  3.813142384390274E-031  3.813142384390303E-031  3.813142384390303E-031
  3.813142384390274E-031  3.813142384390274E-031  3.813142384390274E-031
  3.813142384390274E-031  3.813142384390274E-031  3.813142384390274E-031
  0.000000000000000E+000  3.813142384390262E-031  3.813142384390260E-031
  3.813142384390267E-031  3.813142384390274E-031  3.813142384390260E-031
  3.813142384390274E-031  3.813142384390303E-031  3.813142384390303E-031
  3.813142384390274E-031  3.813142384390274E-031  3.813142384390274E-031
  3.813142384390274E-031  3.813142384390274E-031  3.813142384390274E-031
  0.000000000000000E+000  2.466216787880959E-032  2.466216787880956E-032
  2.466216787880961E-032  2.466216787880966E-032  2.466216787880956E-032
  2.466216787880966E-032  2.466216787880984E-032  2.466216787880984E-032
  2.466216787880966E-032  2.466216787880966E-032  2.466216787880966E-032
  2.466216787880966E-032  2.466216787880966E-032  2.466216787880966E-032
  0.000000000000000E+000 -8.856655627505994E-031 -8.856655627505985E-031
 -8.856655627506003E-031 -8.856655627506018E-031 -8.856655627505985E-031
 -8.856655627506018E-031 -8.856655627506087E-031 -8.856655627506087E-031
 -8.856655627506022E-031 -8.856655627506022E-031 -8.856655627506022E-031
 -8.856655627506018E-031 -8.856655627506018E-031 -8.856655627506018E-031
  0.000000000000000E+000 -4.091867518195312E-032 -4.091867518195309E-032
 -4.091867518195316E-032 -4.091867518195324E-032 -4.091867518195309E-032
 -4.091867518195324E-032 -4.091867518195355E-032 -4.091867518195355E-032
 -4.091867518195323E-032 -4.091867518195323E-032 -4.091867518195323E-032
 -4.091867518195324E-032 -4.091867518195324E-032 -4.091867518195324E-032
  0.000000000000000E+000  3.813142384390256E-031  3.813142384390251E-031
  3.813142384390260E-031  3.813142384390267E-031  3.813142384390251E-031
  3.813142384390267E-031  3.813142384390294E-031  3.813142384390294E-031
  3.813142384390267E-031  3.813142384390267E-031  3.813142384390267E-031
  3.813142384390267E-031  3.813142384390267E-031  3.813142384390267E-031
  0.000000000000000E+000  3.813142384390262E-031  3.813142384390260E-031
  3.813142384390267E-031  3.813142384390274E-031  3.813142384390260E-031
  3.813142384390274E-031  3.813142384390303E-031  3.813142384390303E-031
  3.813142384390274E-031  3.813142384390274E-031  3.813142384390274E-031
  3.813142384390274E-031  3.813142384390274E-031  3.813142384390274E-031
  0.000000000000000E+000  3.813142384390248E-031  3.813142384390245E-031
  3.813142384390252E-031  3.813142384390260E-031  3.813142384390245E-031
  3.813142384390260E-031  3.813142384390288E-031  3.813142384390288E-031
  3.813142384390260E-031  3.813142384390260E-031  3.813142384390260E-031
  3.813142384390260E-031  3.813142384390260E-031  3.813142384390260E-031
  0.000000000000000E+000  3.813142384390262E-031  3.813142384390260E-031
  3.813142384390267E-031  3.813142384390274E-031  3.813142384390260E-031
  3.813142384390274E-031  3.813142384390303E-031  3.813142384390303E-031
  3.813142384390274E-031  3.813142384390274E-031  3.813142384390274E-031
  3.813142384390274E-031  3.813142384390274E-031  3.813142384390274E-031
  0.000000000000000E+000 -2.460525621817323E-031 -2.460525621817319E-031
 -2.460525621817324E-031 -2.460525621817329E-031 -2.460525621817319E-031
 -2.460525621817329E-031 -2.460525621817348E-031 -2.460525621817348E-031
 -2.460525621817330E-031 -2.460525621817330E-031 -2.460525621817330E-031
 -2.460525621817329E-031 -2.460525621817329E-031 -2.460525621817329E-031
  0.000000000000000E+000 -2.460525621817323E-031 -2.460525621817319E-031
 -2.460525621817324E-031 -2.460525621817329E-031 -2.460525621817319E-031
 -2.460525621817329E-031 -2.460525621817348E-031 -2.460525621817348E-031
 -2.460525621817330E-031 -2.460525621817330E-031 -2.460525621817330E-031
 -2.460525621817329E-031 -2.460525621817329E-031 -2.460525621817329E-031
  0.000000000000000E+000  2.006727513354791E-031  2.006727513354789E-031
  2.006727513354793E-031  2.006727513354796E-031  2.006727513354789E-031
  2.006727513354796E-031  2.006727513354812E-031  2.006727513354812E-031
  2.006727513354796E-031  2.006727513354796E-031  2.006727513354796E-031
  2.006727513354796E-031  2.006727513354796E-031  2.006727513354796E-031
  0.000000000000000E+000  2.006727513354791E-031  2.006727513354789E-031
  2.006727513354793E-031  2.006727513354796E-031  2.006727513354789E-031
  2.006727513354796E-031  2.006727513354812E-031  2.006727513354812E-031
  2.006727513354796E-031  2.006727513354796E-031  2.006727513354796E-031
  2.006727513354796E-031  2.006727513354796E-031  2.006727513354796E-031
  0.000000000000000E+000  2.006727513354791E-031  2.006727513354789E-031
  2.006727513354793E-031  2.006727513354796E-031  2.006727513354789E-031
  2.006727513354796E-031  2.006727513354812E-031  2.006727513354812E-031
  2.006727513354796E-031  2.006727513354796E-031  2.006727513354796E-031
  2.006727513354796E-031  2.006727513354796E-031  2.006727513354796E-031
  0.000000000000000E+000  3.813142384390262E-031  3.813142384390260E-031
  3.813142384390267E-031  3.813142384390274E-031  3.813142384390260E-031
  3.813142384390274E-031  3.813142384390303E-031  3.813142384390303E-031
  3.813142384390274E-031  3.813142384390274E-031  3.813142384390274E-031
  3.813142384390274E-031  3.813142384390274E-031  3.813142384390274E-031
  0.000000000000000E+000  3.813142384390262E-031  3.813142384390260E-031
  3.813142384390267E-031  3.813142384390274E-031  3.813142384390260E-031
  3.813142384390274E-031  3.813142384390303E-031  3.813142384390303E-031
  3.813142384390274E-031  3.813142384390274E-031  3.813142384390274E-031
  3.813142384390274E-031  3.813142384390274E-031  3.813142384390274E-031
  0.000000000000000E+000  3.813142384390262E-031  3.813142384390260E-031
  3.813142384390267E-031  3.813142384390274E-031  3.813142384390260E-031
  3.813142384390274E-031  3.813142384390303E-031  3.813142384390303E-031
  3.813142384390274E-031  3.813142384390274E-031  3.813142384390274E-031
  3.813142384390274E-031  3.813142384390274E-031  3.813142384390274E-031
  0.000000000000000E+000  0.000000000000000E+000  0.000000000000000E+000
  0.000000000000000E+000  0.000000000000000E+000  0.000000000000000E+000
  0.000000000000000E+000  0.000000000000000E+000  0.000000000000000E+000
  0.000000000000000E+000  0.000000000000000E+000  0.000000000000000E+000
  0.000000000000000E+000  0.000000000000000E+000  0.000000000000000E+000
  0.000000000000000E+000  1.884265513873636E-031  1.884265513873635E-031
  1.884265513873638E-031  1.884265513873642E-031  1.884265513873635E-031
  1.884265513873642E-031  1.884265513873656E-031  1.884265513873656E-031
  1.884265513873642E-031  1.884265513873642E-031  1.884265513873642E-031
  1.884265513873642E-031  1.884265513873642E-031  1.884265513873642E-031
  0.000000000000000E+000  4.058066383352546E-031  4.058066383352543E-031
  4.058066383352550E-031  4.058066383352558E-031  4.058066383352542E-031
  4.058066383352558E-031  4.058066383352589E-031  4.058066383352589E-031
  4.058066383352557E-031  4.058066383352557E-031  4.058066383352557E-031
  4.058066383352558E-031  4.058066383352558E-031  4.058066383352558E-031
  0.000000000000000E+000 -4.266940492852769E-031 -4.266940492852764E-031
 -4.266940492852771E-031 -4.266940492852781E-031 -4.266940492852764E-031
 -4.266940492852781E-031 -4.266940492852810E-031 -4.266940492852810E-031
 -4.266940492852781E-031 -4.266940492852781E-031 -4.266940492852781E-031
 -4.266940492852781E-031 -4.266940492852781E-031 -4.266940492852781E-031
  0.000000000000000E+000 -4.266940492852775E-031 -4.266940492852772E-031
 -4.266940492852781E-031 -4.266940492852788E-031 -4.266940492852771E-031
 -4.266940492852788E-031 -4.266940492852820E-031 -4.266940492852820E-031
 -4.266940492852788E-031 -4.266940492852788E-031 -4.266940492852788E-031
 -4.266940492852788E-031 -4.266940492852788E-031 -4.266940492852788E-031
  0.000000000000000E+000 -4.266940492852760E-031 -4.266940492852757E-031
 -4.266940492852763E-031 -4.266940492852772E-031 -4.266940492852755E-031
 -4.266940492852772E-031 -4.266940492852803E-031 -4.266940492852803E-031
 -4.266940492852772E-031 -4.266940492852772E-031 -4.266940492852772E-031
 -4.266940492852772E-031 -4.266940492852772E-031 -4.266940492852772E-031
  0.000000000000000E+000 -4.266940492852775E-031 -4.266940492852772E-031
 -4.266940492852781E-031 -4.266940492852788E-031 -4.266940492852771E-031
 -4.266940492852788E-031 -4.266940492852820E-031 -4.266940492852820E-031
 -4.266940492852788E-031 -4.266940492852788E-031 -4.266940492852788E-031
 -4.266940492852788E-031 -4.266940492852788E-031 -4.266940492852788E-031
  0.000000000000000E+000 -4.266940492852807E-031 -4.266940492852803E-031
 -4.266940492852810E-031 -4.266940492852820E-031 -4.266940492852803E-031
 -4.266940492852820E-031 -4.266940492852852E-031 -4.266940492852852E-031
 -4.266940492852821E-031 -4.266940492852821E-031 -4.266940492852821E-031
 -4.266940492852820E-031 -4.266940492852820E-031 -4.266940492852820E-031
  0.000000000000000E+000 -4.266940492852807E-031 -4.266940492852803E-031
 -4.266940492852810E-031 -4.266940492852820E-031 -4.266940492852803E-031
 -4.266940492852820E-031 -4.266940492852852E-031 -4.266940492852852E-031
 -4.266940492852821E-031 -4.266940492852821E-031 -4.266940492852821E-031
 -4.266940492852820E-031 -4.266940492852820E-031 -4.266940492852820E-031
  0.000000000000000E+000  2.003126423193185E-032  2.003126423193183E-032
  2.003126423193186E-032  2.003126423193190E-032  2.003126423193183E-032
  2.003126423193190E-032  2.003126423193205E-032  2.003126423193205E-032
  2.003126423193190E-032  2.003126423193190E-032  2.003126423193190E-032
  2.003126423193190E-032  2.003126423193190E-032  2.003126423193190E-032
  0.000000000000000E+000  2.003126423193185E-032  2.003126423193183E-032
  2.003126423193186E-032  2.003126423193190E-032  2.003126423193183E-032
  2.003126423193190E-032  2.003126423193205E-032  2.003126423193205E-032
  2.003126423193190E-032  2.003126423193190E-032  2.003126423193190E-032
  2.003126423193190E-032  2.003126423193190E-032  2.003126423193190E-032
  0.000000000000000E+000  2.003126423193185E-032  2.003126423193183E-032
  2.003126423193186E-032  2.003126423193190E-032  2.003126423193183E-032
  2.003126423193190E-032  2.003126423193205E-032  2.003126423193205E-032
  2.003126423193190E-032  2.003126423193190E-032  2.003126423193190E-032
  2.003126423193190E-032  2.003126423193190E-032  2.003126423193190E-032
  0.000000000000000E+000 -4.266940492852775E-031 -4.266940492852772E-031
 -4.266940492852781E-031 -4.266940492852788E-031 -4.266940492852771E-031
 -4.266940492852788E-031 -4.266940492852820E-031 -4.266940492852820E-031
 -4.266940492852788E-031 -4.266940492852788E-031 -4.266940492852788E-031
 -4.266940492852788E-031 -4.266940492852788E-031 -4.266940492852788E-031
  0.000000000000000E+000 -4.266940492852775E-031 -4.266940492852772E-031
 -4.266940492852781E-031 -4.266940492852788E-031 -4.266940492852771E-031
 -4.266940492852788E-031 -4.266940492852820E-031 -4.266940492852820E-031
 -4.266940492852788E-031 -4.266940492852788E-031 -4.266940492852788E-031
 -4.266940492852788E-031 -4.266940492852788E-031 -4.266940492852788E-031
  0.000000000000000E+000 -4.266940492852775E-031 -4.266940492852772E-031
 -4.266940492852781E-031 -4.266940492852788E-031 -4.266940492852771E-031
 -4.266940492852788E-031 -4.266940492852820E-031 -4.266940492852820E-031
 -4.266940492852788E-031 -4.266940492852788E-031 -4.266940492852788E-031
 -4.266940492852788E-031 -4.266940492852788E-031 -4.266940492852788E-031
  0.000000000000000E+000 -9.636267826178554E-031 -9.636267826178546E-031
 -9.636267826178563E-031 -9.636267826178584E-031 -9.636267826178546E-031
 -9.636267826178584E-031 -9.636267826178654E-031 -9.636267826178654E-031
 -9.636267826178584E-031 -9.636267826178584E-031 -9.636267826178584E-031
 -9.636267826178584E-031 -9.636267826178584E-031 -9.636267826178584E-031
  0.000000000000000E+000 -4.389402492333947E-031 -4.389402492333942E-031
 -4.389402492333950E-031 -4.389402492333958E-031 -4.389402492333942E-031
 -4.389402492333958E-031 -4.389402492333990E-031 -4.389402492333990E-031
 -4.389402492333958E-031 -4.389402492333958E-031 -4.389402492333958E-031
 -4.389402492333958E-031 -4.389402492333958E-031 -4.389402492333958E-031
  0.000000000000000E+000 -2.215601622855013E-031 -2.215601622855011E-031
 -2.215601622855016E-031 -2.215601622855019E-031 -2.215601622855011E-031
 -2.215601622855019E-031 -2.215601622855036E-031 -2.215601622855036E-031
 -2.215601622855019E-031 -2.215601622855019E-031 -2.215601622855019E-031
 -2.215601622855019E-031 -2.215601622855019E-031 -2.215601622855019E-031
  0.000000000000000E+000  2.006727513354802E-031  2.006727513354800E-031
  2.006727513354804E-031  2.006727513354808E-031  2.006727513354800E-031
  2.006727513354808E-031  2.006727513354823E-031  2.006727513354823E-031
  2.006727513354808E-031  2.006727513354808E-031  2.006727513354808E-031
  2.006727513354808E-031  2.006727513354808E-031  2.006727513354808E-031
  0.000000000000000E+000 -4.266940492852807E-031 -4.266940492852803E-031
 -4.266940492852810E-031 -4.266940492852820E-031 -4.266940492852803E-031
 -4.266940492852820E-031 -4.266940492852851E-031 -4.266940492852851E-031
 -4.266940492852820E-031 -4.266940492852820E-031 -4.266940492852820E-031
 -4.266940492852820E-031 -4.266940492852820E-031 -4.266940492852820E-031
  0.000000000000000E+000  2.006727513354798E-031  2.006727513354796E-031
  2.006727513354800E-031  2.006727513354804E-031  2.006727513354797E-031
  2.006727513354804E-031  2.006727513354819E-031  2.006727513354819E-031
  2.006727513354804E-031  2.006727513354804E-031  2.006727513354804E-031
  2.006727513354804E-031  2.006727513354804E-031  2.006727513354804E-031
  0.000000000000000E+000 -4.266940492852807E-031 -4.266940492852803E-031
 -4.266940492852810E-031 -4.266940492852820E-031 -4.266940492852803E-031
 -4.266940492852820E-031 -4.266940492852851E-031 -4.266940492852851E-031
 -4.266940492852820E-031 -4.266940492852820E-031 -4.266940492852820E-031
 -4.266940492852820E-031 -4.266940492852820E-031 -4.266940492852820E-031
  0.000000000000000E+000 -4.266940492852840E-031 -4.266940492852836E-031
 -4.266940492852845E-031 -4.266940492852851E-031 -4.266940492852836E-031
 -4.266940492852851E-031 -4.266940492852885E-031 -4.266940492852885E-031
 -4.266940492852852E-031 -4.266940492852852E-031 -4.266940492852852E-031
 -4.266940492852851E-031 -4.266940492852851E-031 -4.266940492852851E-031
  0.000000000000000E+000 -4.266940492852840E-031 -4.266940492852836E-031
 -4.266940492852845E-031 -4.266940492852851E-031 -4.266940492852836E-031
 -4.266940492852851E-031 -4.266940492852885E-031 -4.266940492852885E-031
 -4.266940492852852E-031 -4.266940492852852E-031 -4.266940492852852E-031
 -4.266940492852851E-031 -4.266940492852851E-031 -4.266940492852851E-031
  0.000000000000000E+000  6.473980648526934E-031  6.473980648526928E-031
  6.473980648526940E-031  6.473980648526952E-031  6.473980648526928E-031
  6.473980648526952E-031  6.473980648527002E-031  6.473980648527002E-031
  6.473980648526953E-031  6.473980648526953E-031  6.473980648526953E-031
  6.473980648526952E-031  6.473980648526952E-031  6.473980648526952E-031
  0.000000000000000E+000  6.473980648526934E-031  6.473980648526928E-031
  6.473980648526940E-031  6.473980648526952E-031  6.473980648526928E-031
  6.473980648526952E-031  6.473980648527002E-031  6.473980648527002E-031
  6.473980648526953E-031  6.473980648526953E-031  6.473980648526953E-031
  6.473980648526952E-031  6.473980648526952E-031  6.473980648526952E-031
  0.000000000000000E+000  6.473980648526934E-031  6.473980648526928E-031
  6.473980648526940E-031  6.473980648526952E-031  6.473980648526928E-031
  6.473980648526952E-031  6.473980648527002E-031  6.473980648527002E-031
  6.473980648526953E-031  6.473980648526953E-031  6.473980648526953E-031
  6.473980648526952E-031  6.473980648526952E-031  6.473980648526952E-031
  0.000000000000000E+000 -4.266940492852807E-031 -4.266940492852803E-031
 -4.266940492852810E-031 -4.266940492852820E-031 -4.266940492852803E-031
 -4.266940492852820E-031 -4.266940492852851E-031 -4.266940492852851E-031
 -4.266940492852820E-031 -4.266940492852820E-031 -4.266940492852820E-031
 -4.266940492852820E-031 -4.266940492852820E-031 -4.266940492852820E-031
  0.000000000000000E+000 -4.266940492852807E-031 -4.266940492852803E-031
 -4.266940492852810E-031 -4.266940492852820E-031 -4.266940492852803E-031
 -4.266940492852820E-031 -4.266940492852851E-031 -4.266940492852851E-031
 -4.266940492852820E-031 -4.266940492852820E-031 -4.266940492852820E-031
 -4.266940492852820E-031 -4.266940492852820E-031 -4.266940492852820E-031
  0.000000000000000E+000 -4.266940492852807E-031 -4.266940492852803E-031
 -4.266940492852810E-031 -4.266940492852820E-031 -4.266940492852803E-031
 -4.266940492852820E-031 -4.266940492852851E-031 -4.266940492852851E-031
 -4.266940492852820E-031 -4.266940492852820E-031 -4.266940492852820E-031
 -4.266940492852820E-031 -4.266940492852820E-031 -4.266940492852820E-031
  0.000000000000000E+000 -9.636267826178554E-031 -9.636267826178546E-031
 -9.636267826178563E-031 -9.636267826178584E-031 -9.636267826178546E-031
 -9.636267826178584E-031 -9.636267826178654E-031 -9.636267826178654E-031
 -9.636267826178584E-031 -9.636267826178584E-031 -9.636267826178584E-031
 -9.636267826178584E-031 -9.636267826178584E-031 -9.636267826178584E-031
  0.000000000000000E+000 -4.389402492333947E-031 -4.389402492333942E-031
 -4.389402492333950E-031 -4.389402492333958E-031 -4.389402492333942E-031
 -4.389402492333958E-031 -4.389402492333990E-031 -4.389402492333990E-031
 -4.389402492333958E-031 -4.389402492333958E-031 -4.389402492333958E-031
 -4.389402492333958E-031 -4.389402492333958E-031 -4.389402492333958E-031
  0.000000000000000E+000 -2.215601622855013E-031 -2.215601622855011E-031
 -2.215601622855016E-031 -2.215601622855019E-031 -2.215601622855011E-031
 -2.215601622855019E-031 -2.215601622855036E-031 -2.215601622855036E-031
 -2.215601622855019E-031 -2.215601622855019E-031 -2.215601622855019E-031
 -2.215601622855019E-031 -2.215601622855019E-031 -2.215601622855019E-031
  0.000000000000000E+000  2.006727513354802E-031  2.006727513354800E-031
  2.006727513354804E-031  2.006727513354808E-031  2.006727513354800E-031
  2.006727513354808E-031  2.006727513354823E-031  2.006727513354823E-031
  2.006727513354808E-031  2.006727513354808E-031  2.006727513354808E-031
  2.006727513354808E-031  2.006727513354808E-031  2.006727513354808E-031
  0.000000000000000E+000 -4.266940492852807E-031 -4.266940492852803E-031
 -4.266940492852810E-031 -4.266940492852820E-031 -4.266940492852803E-031
 -4.266940492852820E-031 -4.266940492852851E-031 -4.266940492852851E-031
 -4.266940492852820E-031 -4.266940492852820E-031 -4.266940492852820E-031
 -4.266940492852820E-031 -4.266940492852820E-031 -4.266940492852820E-031
  0.000000000000000E+000  2.006727513354798E-031  2.006727513354796E-031
  2.006727513354800E-031  2.006727513354804E-031  2.006727513354797E-031
  2.006727513354804E-031  2.006727513354819E-031  2.006727513354819E-031
  2.006727513354804E-031  2.006727513354804E-031  2.006727513354804E-031
  2.006727513354804E-031  2.006727513354804E-031  2.006727513354804E-031
  0.000000000000000E+000 -4.266940492852807E-031 -4.266940492852803E-031
 -4.266940492852810E-031 -4.266940492852820E-031 -4.266940492852803E-031
 -4.266940492852820E-031 -4.266940492852851E-031 -4.266940492852851E-031
 -4.266940492852820E-031 -4.266940492852820E-031 -4.266940492852820E-031
 -4.266940492852820E-031 -4.266940492852820E-031 -4.266940492852820E-031
  0.000000000000000E+000 -4.266940492852840E-031 -4.266940492852836E-031
 -4.266940492852845E-031 -4.266940492852851E-031 -4.266940492852836E-031
 -4.266940492852851E-031 -4.266940492852885E-031 -4.266940492852885E-031
 -4.266940492852852E-031 -4.266940492852852E-031 -4.266940492852852E-031
 -4.266940492852851E-031 -4.266940492852851E-031 -4.266940492852851E-031
  0.000000000000000E+000 -4.266940492852840E-031 -4.266940492852836E-031
 -4.266940492852845E-031 -4.266940492852851E-031 -4.266940492852836E-031
 -4.266940492852851E-031 -4.266940492852885E-031 -4.266940492852885E-031
 -4.266940492852852E-031 -4.266940492852852E-031 -4.266940492852852E-031
 -4.266940492852851E-031 -4.266940492852851E-031 -4.266940492852851E-031
  0.000000000000000E+000  6.473980648526934E-031  6.473980648526928E-031
  6.473980648526940E-031  6.473980648526952E-031  6.473980648526928E-031
  6.473980648526952E-031  6.473980648527002E-031  6.473980648527002E-031
  6.473980648526953E-031  6.473980648526953E-031  6.473980648526953E-031
  6.473980648526952E-031  6.473980648526952E-031  6.473980648526952E-031
  0.000000000000000E+000  6.473980648526934E-031  6.473980648526928E-031
  6.473980648526940E-031  6.473980648526952E-031  6.473980648526928E-031
  6.473980648526952E-031  6.473980648527002E-031  6.473980648527002E-031
  6.473980648526953E-031  6.473980648526953E-031  6.473980648526953E-031
  6.473980648526952E-031  6.473980648526952E-031  6.473980648526952E-031
  0.000000000000000E+000  6.473980648526934E-031  6.473980648526928E-031
  6.473980648526940E-031  6.473980648526952E-031  6.473980648526928E-031
  6.473980648526952E-031  6.473980648527002E-031  6.473980648527002E-031
  6.473980648526953E-031  6.473980648526953E-031  6.473980648526953E-031
  6.473980648526952E-031  6.473980648526952E-031  6.473980648526952E-031
  0.000000000000000E+000 -4.266940492852807E-031 -4.266940492852803E-031
 -4.266940492852810E-031 -4.266940492852820E-031 -4.266940492852803E-031
 -4.266940492852820E-031 -4.266940492852851E-031 -4.266940492852851E-031
 -4.266940492852820E-031 -4.266940492852820E-031 -4.266940492852820E-031
 -4.266940492852820E-031 -4.266940492852820E-031 -4.266940492852820E-031
  0.000000000000000E+000 -4.266940492852807E-031 -4.266940492852803E-031
 -4.266940492852810E-031 -4.266940492852820E-031 -4.266940492852803E-031
 -4.266940492852820E-031 -4.266940492852851E-031 -4.266940492852851E-031
 -4.266940492852820E-031 -4.266940492852820E-031 -4.266940492852820E-031
 -4.266940492852820E-031 -4.266940492852820E-031 -4.266940492852820E-031
  0.000000000000000E+000 -4.266940492852807E-031 -4.266940492852803E-031
 -4.266940492852810E-031 -4.266940492852820E-031 -4.266940492852803E-031
 -4.266940492852820E-031 -4.266940492852851E-031 -4.266940492852851E-031
 -4.266940492852820E-031 -4.266940492852820E-031 -4.266940492852820E-031
 -4.266940492852820E-031 -4.266940492852820E-031 -4.266940492852820E-031
  0.000000000000000E+000  0.000000000000000E+000  0.000000000000000E+000
  0.000000000000000E+000  0.000000000000000E+000  0.000000000000000E+000
  0.000000000000000E+000  0.000000000000000E+000  0.000000000000000E+000
  0.000000000000000E+000  0.000000000000000E+000  0.000000000000000E+000
  0.000000000000000E+000  0.000000000000000E+000  0.000000000000000E+000
  0.000000000000000E+000  1.884265513873636E-031  1.884265513873635E-031
  1.884265513873638E-031  1.884265513873642E-031  1.884265513873635E-031
  1.884265513873642E-031  1.884265513873656E-031  1.884265513873656E-031
  1.884265513873642E-031  1.884265513873642E-031  1.884265513873642E-031
  1.884265513873642E-031  1.884265513873642E-031  1.884265513873642E-031
  0.000000000000000E+000  4.058066383352546E-031  4.058066383352543E-031
  4.058066383352550E-031  4.058066383352558E-031  4.058066383352542E-031
  4.058066383352558E-031  4.058066383352589E-031  4.058066383352589E-031
  4.058066383352557E-031  4.058066383352557E-031  4.058066383352557E-031
  4.058066383352558E-031  4.058066383352558E-031  4.058066383352558E-031
  0.000000000000000E+000 -4.266940492852769E-031 -4.266940492852764E-031
 -4.266940492852771E-031 -4.266940492852781E-031 -4.266940492852764E-031
 -4.266940492852781E-031 -4.266940492852810E-031 -4.266940492852810E-031
 -4.266940492852781E-031 -4.266940492852781E-031 -4.266940492852781E-031
 -4.266940492852781E-031 -4.266940492852781E-031 -4.266940492852781E-031
  0.000000000000000E+000 -4.266940492852775E-031 -4.266940492852772E-031
 -4.266940492852781E-031 -4.266940492852788E-031 -4.266940492852771E-031
 -4.266940492852788E-031 -4.266940492852820E-031 -4.266940492852820E-031
 -4.266940492852788E-031 -4.266940492852788E-031 -4.266940492852788E-031
 -4.266940492852788E-031 -4.266940492852788E-031 -4.266940492852788E-031
  0.000000000000000E+000 -4.266940492852760E-031 -4.266940492852757E-031
 -4.266940492852763E-031 -4.266940492852772E-031 -4.266940492852755E-031
 -4.266940492852772E-031 -4.266940492852803E-031 -4.266940492852803E-031
 -4.266940492852772E-031 -4.266940492852772E-031 -4.266940492852772E-031
 -4.266940492852772E-031 -4.266940492852772E-031 -4.266940492852772E-031
  0.000000000000000E+000 -4.266940492852775E-031 -4.266940492852772E-031
 -4.266940492852781E-031 -4.266940492852788E-031 -4.266940492852771E-031
 -4.266940492852788E-031 -4.266940492852820E-031 -4.266940492852820E-031
 -4.266940492852788E-031 -4.266940492852788E-031 -4.266940492852788E-031
 -4.266940492852788E-031 -4.266940492852788E-031 -4.266940492852788E-031
  0.000000000000000E+000 -4.266940492852807E-031 -4.266940492852803E-031
 -4.266940492852810E-031 -4.266940492852820E-031 -4.266940492852803E-031
 -4.266940492852820E-031 -4.266940492852852E-031 -4.266940492852852E-031
 -4.266940492852821E-031 -4.266940492852821E-031 -4.266940492852821E-031
 -4.266940492852820E-031 -4.266940492852820E-031 -4.266940492852820E-031
  0.000000000000000E+000 -4.266940492852807E-031 -4.266940492852803E-031
 -4.266940492852810E-031 -4.266940492852820E-031 -4.266940492852803E-031
 -4.266940492852820E-031 -4.266940492852852E-031 -4.266940492852852E-031
 -4.266940492852821E-031 -4.266940492852821E-031 -4.266940492852821E-031
 -4.266940492852820E-031 -4.266940492852820E-031 -4.266940492852820E-031
  0.000000000000000E+000  2.003126423193185E-032  2.003126423193183E-032
  2.003126423193186E-032  2.003126423193190E-032  2.003126423193183E-032
  2.003126423193190E-032  2.003126423193205E-032  2.003126423193205E-032
  2.003126423193190E-032  2.003126423193190E-032  2.003126423193190E-032
  2.003126423193190E-032  2.003126423193190E-032  2.003126423193190E-032
  0.000000000000000E+000  2.003126423193185E-032  2.003126423193183E-032
  2.003126423193186E-032  2.003126423193190E-032  2.003126423193183E-032
  2.003126423193190E-032  2.003126423193205E-032  2.003126423193205E-032
  2.003126423193190E-032  2.003126423193190E-032  2.003126423193190E-032
  2.003126423193190E-032  2.003126423193190E-032  2.003126423193190E-032
  0.000000000000000E+000  2.003126423193185E-032  2.003126423193183E-032
  2.003126423193186E-032  2.003126423193190E-032  2.003126423193183E-032
  2.003126423193190E-032  2.003126423193205E-032  2.003126423193205E-032
  2.003126423193190E-032  2.003126423193190E-032  2.003126423193190E-032
  2.003126423193190E-032  2.003126423193190E-032  2.003126423193190E-032
  0.000000000000000E+000 -4.266940492852775E-031 -4.266940492852772E-031
 -4.266940492852781E-031 -4.266940492852788E-031 -4.266940492852771E-031
 -4.266940492852788E-031 -4.266940492852820E-031 -4.266940492852820E-031
 -4.266940492852788E-031 -4.266940492852788E-031 -4.266940492852788E-031
 -4.266940492852788E-031 -4.266940492852788E-031 -4.266940492852788E-031
  0.000000000000000E+000 -4.266940492852775E-031 -4.266940492852772E-031
 -4.266940492852781E-031 -4.266940492852788E-031 -4.266940492852771E-031
 -4.266940492852788E-031 -4.266940492852820E-031 -4.266940492852820E-031
 -4.266940492852788E-031 -4.266940492852788E-031 -4.266940492852788E-031
 -4.266940492852788E-031 -4.266940492852788E-031 -4.266940492852788E-031
  0.000000000000000E+000 -4.266940492852775E-031 -4.266940492852772E-031
 -4.266940492852781E-031 -4.266940492852788E-031 -4.266940492852771E-031
 -4.266940492852788E-031 -4.266940492852820E-031 -4.266940492852820E-031
 -4.266940492852788E-031 -4.266940492852788E-031 -4.266940492852788E-031
 -4.266940492852788E-031 -4.266940492852788E-031 -4.266940492852788E-031
